Test Time	Applied Command	CASModeExternalEcho	CASModeExecution	CASTime	CASCBITResult	CASdiagnostic	Rezerve	CASModeStatus	CASBusVoltage	CASBusCurrent	CASTemperature	CASFinPositionIE	CASFinVelocityIE	CASFinPositionAAE	CASFinPositionDAE	CASMotorCurrent	CASPrevMsgStatus	CASPrevMsgTimeStamp	CASErrorCounter	CASRxMsgCounter
0.0000	0.0000	0.0000	1.0000	0.0000	65.0000	1.0000	0.0000	1365.0000	0.0000	0.0000	11.7156	0.1943	97.1330	0.0000	0.0000	0.0000	0.0000	0.0000	0.0000	1.0000
0.0020	0.0000	0.0000	1.0000	0.0020	65.0000	1.0000	0.0000	1365.0000	0.0000	0.0000	12.6403	0.3922	98.9758	0.0000	0.0000	0.0000	0.0000	2.0040	0.0000	2.0000
0.0040	0.0000	0.0000	1.0000	0.0040	65.0000	1.0000	0.0000	1365.0000	0.0000	0.0000	12.3543	0.5764	92.0751	0.0000	0.0000	0.0000	0.0000	4.0080	0.0000	3.0000
0.0060	0.0000	0.0000	1.0000	0.0060	65.0000	1.0000	0.0000	1365.0000	0.0000	0.0000	12.9352	0.7879	105.7680	0.0000	0.0000	0.0000	0.0000	6.0120	0.0000	4.0000
0.0080	0.0000	0.0000	1.0000	0.0080	65.0000	1.0000	0.0000	1365.0000	0.0000	0.0000	12.6803	1.0093	110.6935	0.0000	0.0000	0.0000	0.0000	8.0160	0.0000	5.0000
0.0100	0.0000	0.0000	1.0000	0.0100	65.0000	1.0000	0.0000	1365.0000	0.0000	0.0000	13.2737	1.2203	105.4947	0.0000	0.0000	0.0000	0.0000	10.0200	0.0000	6.0000
0.0120	0.0000	0.0000	1.0000	0.0120	65.0000	1.0000	0.0000	1365.0000	0.0000	0.0000	13.0484	1.4366	108.1605	0.0000	0.0000	0.0000	0.0000	12.0240	0.0000	7.0000
0.0140	0.0000	0.0000	1.0000	0.0140	65.0000	1.0000	0.0000	1365.0000	0.0000	0.0000	13.0958	1.6589	111.1587	0.0000	0.0000	0.0000	0.0000	14.0281	0.0000	8.0000
0.0160	0.0000	0.0000	1.0000	0.0160	65.0000	1.0000	0.0000	1365.0000	0.0000	0.0000	14.3240	1.8671	104.1144	0.0000	0.0000	0.0000	0.0000	16.0321	0.0000	9.0000
0.0180	0.0000	0.0000	1.0000	0.0180	65.0000	1.0000	0.0000	1365.0000	0.0000	0.0000	13.1640	2.0882	110.5346	0.0000	0.0000	0.0000	0.0000	18.0361	0.0000	10.0000
0.0200	0.0000	0.0000	1.0000	0.0200	65.0000	1.0000	0.0000	1365.0000	0.0000	0.0000	13.4184	2.3132	112.5004	0.0000	0.0000	0.0000	0.0000	20.0401	0.0000	11.0000
0.0220	0.0000	0.0000	1.0000	0.0220	65.0000	1.0000	0.0000	1365.0000	0.0000	0.0000	14.3592	2.5256	106.1849	0.0000	0.0000	0.0000	0.0000	22.0441	0.0000	12.0000
0.0240	0.0000	0.0000	1.0000	0.0240	65.0000	1.0000	0.0000	1365.0000	0.0000	0.0000	13.7821	2.7478	111.1100	0.0000	0.0000	0.0000	0.0000	24.0481	0.0000	13.0000
0.0261	0.0000	0.0000	1.0000	0.0261	65.0000	1.0000	0.0000	1365.0000	0.0000	0.0000	14.0391	2.9784	115.2721	0.0000	0.0000	0.0000	0.0000	26.0521	0.0000	14.0000
0.0281	0.0000	0.0000	1.0000	0.0281	65.0000	1.0000	0.0000	1365.0000	0.0000	0.0000	13.5312	3.1980	109.8255	0.0000	0.0000	0.0000	0.0000	28.0561	0.0000	15.0000
0.0301	0.0000	0.0000	1.0000	0.0301	65.0000	1.0000	0.0000	1365.0000	0.0000	0.0000	12.8426	3.4349	118.4547	0.0000	0.0000	0.0000	0.0000	30.0601	0.0000	16.0000
0.0321	0.0000	0.0000	1.0000	0.0321	65.0000	1.0000	0.0000	1365.0000	0.0000	0.0000	13.9467	3.6617	113.4116	0.0000	0.0000	0.0000	0.0000	32.0641	0.0000	17.0000
0.0341	0.0000	0.0000	1.0000	0.0341	65.0000	1.0000	0.0000	1365.0000	0.0000	0.0000	14.0934	3.9036	120.9259	0.0000	0.0000	0.0000	0.0000	34.0681	0.0000	18.0000
0.0361	0.0000	0.0000	1.0000	0.0361	65.0000	1.0000	0.0000	1365.0000	0.0000	0.0000	14.0476	4.1371	116.7525	0.0000	0.0000	0.0000	0.0000	36.0721	0.0000	19.0000
0.0381	0.0000	0.0000	1.0000	0.0381	65.0000	1.0000	0.0000	1365.0000	0.0000	0.0000	13.2375	4.3775	120.1894	0.0000	0.0000	0.0000	0.0000	38.0762	0.0000	20.0000
0.0401	0.0000	0.0000	1.0000	0.0401	65.0000	1.0000	0.0000	1365.0000	0.0000	0.0000	12.6134	4.6337	128.1163	0.0000	0.0000	0.0000	0.0000	40.0802	0.0000	21.0000
0.0421	0.0000	0.0000	1.0000	0.0421	65.0000	1.0000	0.0000	1365.0000	0.0000	0.0000	12.4586	4.8906	128.4624	0.0000	0.0000	0.0000	0.0000	42.0842	0.0000	22.0000
0.0441	0.0000	0.0000	1.0000	0.0441	65.0000	1.0000	0.0000	1365.0000	0.0000	0.0000	11.6655	5.1333	121.3443	0.0000	0.0000	0.0000	0.0000	44.0882	0.0000	23.0000
0.0461	0.0000	0.0000	1.0000	0.0461	65.0000	1.0000	0.0000	1365.0000	0.0000	0.0000	12.4635	5.3838	125.2216	0.0000	0.0000	0.0000	0.0000	46.0922	0.0000	24.0000
0.0481	0.0000	0.0000	1.0000	0.0481	65.0000	1.0000	0.0000	1365.0000	0.0000	0.0000	11.5696	5.6333	124.7672	0.0000	0.0000	0.0000	0.0000	48.0962	0.0000	25.0000
0.0501	0.0000	0.0000	1.0000	0.0501	65.0000	1.0000	0.0000	1365.0000	0.0000	0.0000	11.4190	5.8778	122.2700	0.0000	0.0000	0.0000	0.0000	50.1002	0.0000	26.0000
0.0521	0.0000	0.0000	1.0000	0.0521	65.0000	1.0000	0.0000	1365.0000	0.0000	0.0000	11.6166	6.1356	128.8851	0.0000	0.0000	0.0000	0.0000	52.1042	0.0000	27.0000
0.0541	0.0000	0.0000	1.0000	0.0541	65.0000	1.0000	0.0000	1365.0000	0.0000	0.0000	11.1870	6.3833	123.8651	0.0000	0.0000	0.0000	0.0000	54.1082	0.0000	28.0000
0.0561	0.0000	0.0000	1.0000	0.0561	65.0000	1.0000	0.0000	1365.0000	0.0000	0.0000	11.4020	6.6345	125.5923	0.0000	0.0000	0.0000	0.0000	56.1122	0.0000	29.0000
0.0581	0.0000	0.0000	1.0000	0.0581	65.0000	1.0000	0.0000	1365.0000	0.0000	0.0000	11.0208	6.8811	123.2944	0.0000	0.0000	0.0000	0.0000	58.1162	0.0000	30.0000
0.0601	0.0000	0.0000	1.0000	0.0601	65.0000	1.0000	0.0000	1365.0000	0.0000	0.0000	10.8684	7.1299	124.3866	0.0000	0.0000	0.0000	0.0000	60.1202	0.0000	31.0000
0.0621	0.0000	0.0000	1.0000	0.0621	65.0000	1.0000	0.0000	1365.0000	0.0000	0.0000	10.2788	7.3624	116.2356	0.0000	0.0000	0.0000	0.0000	62.1242	0.0000	32.0000
0.0641	0.0000	0.0000	1.0000	0.0641	65.0000	1.0000	0.0000	1365.0000	0.0000	0.0000	10.7259	7.5979	117.7729	0.0000	0.0000	0.0000	0.0000	64.1283	0.0000	33.0000
0.0661	0.0000	0.0000	1.0000	0.0661	65.0000	1.0000	0.0000	1365.0000	0.0000	0.0000	9.7940	7.8204	111.2395	0.0000	0.0000	0.0000	0.0000	66.1323	0.0000	34.0000
0.0681	0.0000	0.0000	1.0000	0.0681	65.0000	1.0000	0.0000	1365.0000	0.0000	0.0000	10.8269	8.0510	115.3055	0.0000	0.0000	0.0000	0.0000	68.1363	0.0000	35.0000
0.0701	0.0000	0.0000	1.0000	0.0701	65.0000	1.0000	0.0000	1365.0000	0.0000	0.0000	10.0241	8.2821	115.5539	0.0000	0.0000	0.0000	0.0000	70.1403	0.0000	36.0000
0.0721	0.0000	0.0000	1.0000	0.0721	65.0000	1.0000	0.0000	1365.0000	0.0000	0.0000	10.7602	8.5124	115.1531	0.0000	0.0000	0.0000	0.0000	72.1443	0.0000	37.0000
0.0741	0.0000	0.0000	1.0000	0.0741	65.0000	1.0000	0.0000	1365.0000	0.0000	0.0000	9.9029	8.7356	111.6104	0.0000	0.0000	0.0000	0.0000	74.1483	0.0000	38.0000
0.0762	0.0000	0.0000	1.0000	0.0762	65.0000	1.0000	0.0000	1365.0000	0.0000	0.0000	9.7700	8.9691	116.7270	0.0000	0.0000	0.0000	0.0000	76.1523	0.0000	39.0000
0.0782	0.0000	0.0000	1.0000	0.0782	65.0000	1.0000	0.0000	1365.0000	0.0000	0.0000	10.2324	9.2192	125.0834	0.0000	0.0000	0.0000	0.0000	78.1563	0.0000	40.0000
0.0802	0.0000	0.0000	1.0000	0.0802	65.0000	1.0000	0.0000	1365.0000	0.0000	0.0000	9.7113	9.4526	116.6778	0.0000	0.0000	0.0000	0.0000	80.1603	0.0000	41.0000
0.0822	0.0000	0.0000	1.0000	0.0822	65.0000	1.0000	0.0000	1365.0000	0.0000	0.0000	9.4541	9.6716	109.4821	0.0000	0.0000	0.0000	0.0000	82.1643	0.0000	42.0000
0.0842	0.0000	0.0000	1.0000	0.0842	65.0000	1.0000	0.0000	1365.0000	0.0000	0.0000	11.2361	9.8915	109.9569	0.0000	0.0000	0.0000	0.0000	84.1683	0.0000	43.0000
0.0862	0.0000	0.0000	1.0000	0.0862	65.0000	1.0000	0.0000	1365.0000	0.0000	0.0000	10.2478	10.1116	110.0789	0.0000	0.0000	0.0000	0.0000	86.1723	0.0000	44.0000
0.0882	0.0000	0.0000	1.0000	0.0882	65.0000	1.0000	0.0000	1365.0000	0.0000	0.0000	11.0308	10.3268	107.5714	0.0000	0.0000	0.0000	0.0000	88.1764	0.0000	45.0000
0.0902	0.0000	0.0000	1.0000	0.0902	65.0000	1.0000	0.0000	1365.0000	0.0000	0.0000	10.2700	10.5351	104.1739	0.0000	0.0000	0.0000	0.0000	90.1804	0.0000	46.0000
0.0922	0.0000	0.0000	1.0000	0.0922	65.0000	1.0000	0.0000	1365.0000	0.0000	0.0000	11.2765	10.7407	102.7742	0.0000	0.0000	0.0000	0.0000	92.1844	0.0000	47.0000
0.0942	0.0000	0.0000	1.0000	0.0942	65.0000	1.0000	0.0000	1365.0000	0.0000	0.0000	11.3092	10.9419	100.6332	0.0000	0.0000	0.0000	0.0000	94.1884	0.0000	48.0000
0.0962	0.0000	0.0000	1.0000	0.0962	65.0000	1.0000	0.0000	1365.0000	0.0000	0.0000	10.9630	11.1423	100.1832	0.0000	0.0000	0.0000	0.0000	96.1924	0.0000	49.0000
0.0982	0.0000	0.0000	1.0000	0.0982	65.0000	1.0000	0.0000	1365.0000	0.0000	0.0000	11.2982	11.3467	102.2006	0.0000	0.0000	0.0000	0.0000	98.1964	0.0000	50.0000
0.1002	0.0000	0.0000	1.0000	0.1002	65.0000	1.0000	0.0000	1365.0000	0.0000	0.0000	11.7416	11.5473	100.2864	0.0000	0.0000	0.0000	0.0000	100.2004	0.0000	51.0000
0.1022	0.0000	0.0000	1.0000	0.1022	65.0000	1.0000	0.0000	1365.0000	0.0000	0.0000	12.5365	11.7413	97.0164	0.0000	0.0000	0.0000	0.0000	102.2044	0.0000	52.0000
0.1042	0.0000	0.0000	1.0000	0.1042	65.0000	1.0000	0.0000	1365.0000	0.0000	0.0000	11.9390	11.9360	97.3309	0.0000	0.0000	0.0000	0.0000	104.2084	0.0000	53.0000
0.1062	0.0000	0.0000	1.0000	0.1062	65.0000	1.0000	0.0000	1365.0000	0.0000	0.0000	12.8827	12.1378	100.9062	0.0000	0.0000	0.0000	0.0000	106.2124	0.0000	54.0000
0.1082	0.0000	0.0000	1.0000	0.1082	65.0000	1.0000	0.0000	1365.0000	0.0000	0.0000	12.8487	12.3229	92.5452	0.0000	0.0000	0.0000	0.0000	108.2164	0.0000	55.0000
0.1102	0.0000	0.0000	1.0000	0.1102	65.0000	1.0000	0.0000	1365.0000	0.0000	0.0000	12.7050	12.5239	100.5221	0.0000	0.0000	0.0000	0.0000	110.2204	0.0000	56.0000
0.1122	0.0000	0.0000	1.0000	0.1122	65.0000	1.0000	0.0000	1365.0000	0.0000	0.0000	13.3485	12.7038	89.9216	0.0000	0.0000	0.0000	0.0000	112.2244	0.0000	57.0000
0.1142	0.0000	0.0000	1.0000	0.1142	65.0000	1.0000	0.0000	1365.0000	0.0000	0.0000	14.1110	12.9016	98.9111	0.0000	0.0000	0.0000	0.0000	114.2285	0.0000	58.0000
0.1162	0.0000	0.0000	1.0000	0.1162	65.0000	1.0000	0.0000	1365.0000	0.0000	0.0000	13.1414	13.0603	79.3426	0.0000	0.0000	0.0000	0.0000	116.2325	0.0000	59.0000
0.1182	0.0000	0.0000	1.0000	0.1182	65.0000	1.0000	0.0000	1365.0000	0.0000	0.0000	14.4444	13.2363	88.0032	0.0000	0.0000	0.0000	0.0000	118.2365	0.0000	60.0000
0.1202	0.0000	0.0000	1.0000	0.1202	65.0000	1.0000	0.0000	1365.0000	0.0000	0.0000	13.9931	13.4069	85.2947	0.0000	0.0000	0.0000	0.0000	120.2405	0.0000	61.0000
0.1222	0.0000	0.0000	1.0000	0.1222	65.0000	1.0000	0.0000	1365.0000	0.0000	0.0000	14.2976	13.6085	100.8221	0.0000	0.0000	0.0000	0.0000	122.2445	0.0000	62.0000
0.1242	0.0000	0.0000	1.0000	0.1242	65.0000	1.0000	0.0000	1365.0000	0.0000	0.0000	14.1930	13.7698	80.6501	0.0000	0.0000	0.0000	0.0000	124.2485	0.0000	63.0000
0.1263	0.0000	0.0000	1.0000	0.1263	65.0000	1.0000	0.0000	1365.0000	0.0000	0.0000	14.9180	13.9292	79.7093	0.0000	0.0000	0.0000	0.0000	126.2525	0.0000	64.0000
0.1283	0.0000	0.0000	1.0000	0.1283	65.0000	1.0000	0.0000	1365.0000	0.0000	0.0000	13.7198	14.0997	85.2221	0.0000	0.0000	0.0000	0.0000	128.2565	0.0000	65.0000
0.1303	0.0000	0.0000	1.0000	0.1303	65.0000	1.0000	0.0000	1365.0000	0.0000	0.0000	14.2982	14.2477	74.0248	0.0000	0.0000	0.0000	0.0000	130.2605	0.0000	66.0000
0.1323	0.0000	0.0000	1.0000	0.1323	65.0000	1.0000	0.0000	1365.0000	0.0000	0.0000	13.8792	14.4176	84.9617	0.0000	0.0000	0.0000	0.0000	132.2645	0.0000	67.0000
0.1343	0.0000	0.0000	1.0000	0.1343	65.0000	1.0000	0.0000	1365.0000	0.0000	0.0000	12.7566	14.5802	81.2775	0.0000	0.0000	0.0000	0.0000	134.2685	0.0000	68.0000
0.1363	0.0000	0.0000	1.0000	0.1363	65.0000	1.0000	0.0000	1365.0000	0.0000	0.0000	13.4656	14.7518	85.7943	0.0000	0.0000	0.0000	0.0000	136.2725	0.0000	69.0000
0.1383	0.0000	0.0000	1.0000	0.1383	65.0000	1.0000	0.0000	1365.0000	0.0000	0.0000	13.8304	14.9110	79.6172	0.0000	0.0000	0.0000	0.0000	138.2766	0.0000	70.0000
0.1403	0.0000	0.0000	1.0000	0.1403	65.0000	1.0000	0.0000	1365.0000	0.0000	0.0000	13.1167	15.0627	75.8611	0.0000	0.0000	0.0000	0.0000	140.2806	0.0000	71.0000
0.1423	0.0000	0.0000	1.0000	0.1423	65.0000	1.0000	0.0000	1365.0000	0.0000	0.0000	12.9394	15.2364	86.8228	0.0000	0.0000	0.0000	0.0000	142.2846	0.0000	72.0000
0.1443	0.0000	0.0000	1.0000	0.1443	65.0000	1.0000	0.0000	1365.0000	0.0000	0.0000	12.9992	15.3850	74.3250	0.0000	0.0000	0.0000	0.0000	144.2886	0.0000	73.0000
0.1463	0.0000	0.0000	1.0000	0.1463	65.0000	1.0000	0.0000	1365.0000	0.0000	0.0000	12.0430	15.5499	82.4454	0.0000	0.0000	0.0000	0.0000	146.2926	0.0000	74.0000
0.1483	0.0000	0.0000	1.0000	0.1483	65.0000	1.0000	0.0000	1365.0000	0.0000	0.0000	11.9764	15.7265	88.2581	0.0000	0.0000	0.0000	0.0000	148.2966	0.0000	75.0000
0.1503	0.0000	0.0000	1.0000	0.1503	65.0000	1.0000	0.0000	1365.0000	0.0000	0.0000	11.5736	15.8774	75.4908	0.0000	0.0000	0.0000	0.0000	150.3006	0.0000	76.0000
0.1523	0.0000	0.0000	1.0000	0.1523	65.0000	1.0000	0.0000	1365.0000	0.0000	0.0000	12.2063	16.0286	75.6015	0.0000	0.0000	0.0000	0.0000	152.3046	0.0000	77.0000
0.1543	0.0000	0.0000	1.0000	0.1543	65.0000	1.0000	0.0000	1365.0000	0.0000	0.0000	10.5321	16.1937	82.5133	0.0000	0.0000	0.0000	0.0000	154.3086	0.0000	78.0000
0.1563	0.0000	0.0000	1.0000	0.1563	65.0000	1.0000	0.0000	1365.0000	0.0000	0.0000	11.2984	16.3473	76.8114	0.0000	0.0000	0.0000	0.0000	156.3126	0.0000	79.0000
0.1583	0.0000	0.0000	1.0000	0.1583	65.0000	1.0000	0.0000	1365.0000	0.0000	0.0000	10.6239	16.5033	78.0289	0.0000	0.0000	0.0000	0.0000	158.3166	0.0000	80.0000
0.1603	0.0000	0.0000	1.0000	0.1603	65.0000	1.0000	0.0000	1365.0000	0.0000	0.0000	11.2521	16.6641	80.3992	0.0000	0.0000	0.0000	0.0000	160.3206	0.0000	81.0000
0.1623	0.0000	0.0000	1.0000	0.1623	65.0000	1.0000	0.0000	1365.0000	0.0000	0.0000	10.5082	16.8294	82.6248	0.0000	0.0000	0.0000	0.0000	162.3246	0.0000	82.0000
0.1643	0.0000	0.0000	1.0000	0.1643	65.0000	1.0000	0.0000	1365.0000	0.0000	0.0000	10.5284	17.0040	87.3120	0.0000	0.0000	0.0000	0.0000	164.3287	0.0000	83.0000
0.1663	0.0000	0.0000	1.0000	0.1663	65.0000	1.0000	0.0000	1365.0000	0.0000	0.0000	10.0847	17.1813	88.6490	0.0000	0.0000	0.0000	0.0000	166.3327	0.0000	84.0000
0.1683	0.0000	0.0000	1.0000	0.1683	65.0000	1.0000	0.0000	1365.0000	0.0000	0.0000	10.6157	17.3540	86.3254	0.0000	0.0000	0.0000	0.0000	168.3367	0.0000	85.0000
0.1703	0.0000	0.0000	1.0000	0.1703	65.0000	1.0000	0.0000	1365.0000	0.0000	0.0000	9.3862	17.5285	87.2747	0.0000	0.0000	0.0000	0.0000	170.3407	0.0000	86.0000
0.1723	0.0000	0.0000	1.0000	0.1723	65.0000	1.0000	0.0000	1365.0000	0.0000	0.0000	10.0791	17.7028	87.1387	0.0000	0.0000	0.0000	0.0000	172.3447	0.0000	87.0000
0.1743	0.0000	0.0000	1.0000	0.1743	65.0000	1.0000	0.0000	1365.0000	0.0000	0.0000	9.5754	17.8588	78.0153	0.0000	0.0000	0.0000	0.0000	174.3487	0.0000	88.0000
0.1764	0.0000	0.0000	1.0000	0.1764	65.0000	1.0000	0.0000	1365.0000	0.0000	0.0000	10.1555	18.0178	79.4825	0.0000	0.0000	0.0000	0.0000	176.3527	0.0000	89.0000
0.1784	0.0000	0.0000	1.0000	0.1784	65.0000	1.0000	0.0000	1365.0000	0.0000	0.0000	10.5585	18.1835	82.8363	0.0000	0.0000	0.0000	0.0000	178.3567	0.0000	90.0000
0.1804	0.0000	0.0000	1.0000	0.1804	65.0000	1.0000	0.0000	1365.0000	0.0000	0.0000	10.0622	18.3637	90.0994	0.0000	0.0000	0.0000	0.0000	180.3607	0.0000	91.0000
0.1824	0.0000	0.0000	1.0000	0.1824	65.0000	1.0000	0.0000	1365.0000	0.0000	0.0000	10.2993	18.5492	92.7825	0.0000	0.0000	0.0000	0.0000	182.3647	0.0000	92.0000
0.1844	0.0000	0.0000	1.0000	0.1844	65.0000	1.0000	0.0000	1365.0000	0.0000	0.0000	11.1822	18.7463	98.5525	0.0000	0.0000	0.0000	0.0000	184.3687	0.0000	93.0000
0.1864	0.0000	0.0000	1.0000	0.1864	65.0000	1.0000	0.0000	1365.0000	0.0000	0.0000	9.4769	18.9241	88.8942	0.0000	0.0000	0.0000	0.0000	186.3727	0.0000	94.0000
0.1884	0.0000	0.0000	1.0000	0.1884	65.0000	1.0000	0.0000	1365.0000	0.0000	0.0000	10.6061	19.1008	88.3268	0.0000	0.0000	0.0000	0.0000	188.3768	0.0000	95.0000
0.1904	0.0000	0.0000	1.0000	0.1904	65.0000	1.0000	0.0000	1365.0000	0.0000	0.0000	10.8577	19.2805	89.8604	0.0000	0.0000	0.0000	0.0000	190.3808	0.0000	96.0000
0.1924	0.0000	0.0000	1.0000	0.1924	65.0000	1.0000	0.0000	1365.0000	0.0000	0.0000	11.2945	19.4572	88.3467	0.0000	0.0000	0.0000	0.0000	192.3848	0.0000	97.0000
0.1944	0.0000	0.0000	1.0000	0.1944	65.0000	1.0000	0.0000	1365.0000	0.0000	0.0000	11.0938	19.6551	98.9553	0.0000	0.0000	0.0000	0.0000	194.3888	0.0000	98.0000
0.1964	0.0000	0.0000	1.0000	0.1964	65.0000	1.0000	0.0000	1365.0000	0.0000	0.0000	11.1831	19.8470	95.9517	0.0000	0.0000	0.0000	0.0000	196.3928	0.0000	99.0000
0.1984	0.0000	0.0000	1.0000	0.1984	65.0000	1.0000	0.0000	1365.0000	0.0000	0.0000	11.3642	20.0504	101.6936	0.0000	0.0000	0.0000	0.0000	198.3968	0.0000	100.0000
0.2004	0.0000	0.0000	1.0000	0.2004	65.0000	1.0000	0.0000	1365.0000	0.0000	0.0000	12.9679	20.2485	99.0343	0.0000	0.0000	0.0000	0.0000	200.4008	0.0000	101.0000
0.2024	0.0000	0.0000	1.0000	0.2024	65.0000	1.0000	0.0000	1365.0000	0.0000	0.0000	12.5671	20.4606	106.0557	0.0000	0.0000	0.0000	0.0000	202.4048	0.0000	102.0000
0.2044	0.0000	0.0000	1.0000	0.2044	65.0000	1.0000	0.0000	1365.0000	0.0000	0.0000	12.6959	20.6851	112.2422	0.0000	0.0000	0.0000	0.0000	204.4088	0.0000	103.0000
0.2064	0.0000	0.0000	1.0000	0.2064	65.0000	1.0000	0.0000	1365.0000	0.0000	0.0000	13.1170	20.8880	101.4810	0.0000	0.0000	0.0000	0.0000	206.4128	0.0000	104.0000
0.2084	0.0000	0.0000	1.0000	0.2084	65.0000	1.0000	0.0000	1365.0000	0.0000	0.0000	12.9087	21.1041	108.0608	0.0000	0.0000	0.0000	0.0000	208.4168	0.0000	105.0000
0.2104	0.0000	0.0000	1.0000	0.2104	65.0000	1.0000	0.0000	1365.0000	0.0000	0.0000	13.7624	21.3047	100.2584	0.0000	0.0000	0.0000	0.0000	210.4208	0.0000	106.0000
0.2124	0.0000	0.0000	1.0000	0.2124	65.0000	1.0000	0.0000	1365.0000	0.0000	0.0000	13.0197	21.5083	101.8475	0.0000	0.0000	0.0000	0.0000	212.4248	0.0000	107.0000
0.2144	0.0000	0.0000	1.0000	0.2144	65.0000	1.0000	0.0000	1365.0000	0.0000	0.0000	13.6344	21.7198	105.7413	0.0000	0.0000	0.0000	0.0000	214.4289	0.0000	108.0000
0.2164	0.0000	0.0000	1.0000	0.2164	65.0000	1.0000	0.0000	1365.0000	0.0000	0.0000	14.1666	21.9487	114.4281	0.0000	0.0000	0.0000	0.0000	216.4329	0.0000	109.0000
0.2184	0.0000	0.0000	1.0000	0.2184	65.0000	1.0000	0.0000	1365.0000	0.0000	0.0000	13.9601	22.1746	112.9768	0.0000	0.0000	0.0000	0.0000	218.4369	0.0000	110.0000
0.2204	0.0000	0.0000	1.0000	0.2204	65.0000	1.0000	0.0000	1365.0000	0.0000	0.0000	14.8667	22.4134	119.3828	0.0000	0.0000	0.0000	0.0000	220.4409	0.0000	111.0000
0.2224	0.0000	0.0000	1.0000	0.2224	65.0000	1.0000	0.0000	1365.0000	0.0000	0.0000	13.1588	22.6447	115.6372	0.0000	0.0000	0.0000	0.0000	222.4449	0.0000	112.0000
0.2244	0.0000	0.0000	1.0000	0.2244	65.0000	1.0000	0.0000	1365.0000	0.0000	0.0000	14.0276	22.8691	112.1858	0.0000	0.0000	0.0000	0.0000	224.4489	0.0000	113.0000
0.2265	0.0000	0.0000	1.0000	0.2265	65.0000	1.0000	0.0000	1365.0000	0.0000	0.0000	14.5134	23.0951	113.0160	0.0000	0.0000	0.0000	0.0000	226.4529	0.0000	114.0000
0.2285	0.0000	0.0000	1.0000	0.2285	65.0000	1.0000	0.0000	1365.0000	0.0000	0.0000	13.9558	23.3331	118.9896	0.0000	0.0000	0.0000	0.0000	228.4569	0.0000	115.0000
0.2305	0.0000	0.0000	1.0000	0.2305	65.0000	1.0000	0.0000	1365.0000	0.0000	0.0000	14.0899	23.5623	114.6161	0.0000	0.0000	0.0000	0.0000	230.4609	0.0000	116.0000
0.2325	0.0000	0.0000	1.0000	0.2325	65.0000	1.0000	0.0000	1365.0000	0.0000	0.0000	13.4244	23.7951	116.4063	0.0000	0.0000	0.0000	0.0000	232.4649	0.0000	117.0000
0.2345	0.0000	0.0000	1.0000	0.2345	65.0000	1.0000	0.0000	1365.0000	0.0000	0.0000	13.7301	24.0446	124.7263	0.0000	0.0000	0.0000	0.0000	234.4689	0.0000	118.0000
0.2365	0.0000	0.0000	1.0000	0.2365	65.0000	1.0000	0.0000	1365.0000	0.0000	0.0000	13.6278	24.2801	117.7824	0.0000	0.0000	0.0000	0.0000	236.4729	0.0000	119.0000
0.2385	0.0000	0.0000	1.0000	0.2385	65.0000	1.0000	0.0000	1365.0000	0.0000	0.0000	13.1654	24.5012	110.5431	0.0000	0.0000	0.0000	0.0000	238.4770	0.0000	120.0000
0.2405	0.0000	0.0000	1.0000	0.2405	65.0000	1.0000	0.0000	1365.0000	0.0000	0.0000	12.9478	24.7526	125.6828	0.0000	0.0000	0.0000	0.0000	240.4810	0.0000	121.0000
0.2425	0.0000	0.0000	1.0000	0.2425	65.0000	1.0000	0.0000	1365.0000	0.0000	0.0000	13.3186	24.9802	113.8360	0.0000	0.0000	0.0000	0.0000	242.4850	0.0000	122.0000
0.2445	0.0000	0.0000	1.0000	0.2445	65.0000	1.0000	0.0000	1365.0000	0.0000	0.0000	12.9988	25.2120	115.8673	0.0000	0.0000	0.0000	0.0000	244.4890	0.0000	123.0000
0.2465	0.0000	0.0000	1.0000	0.2465	65.0000	1.0000	0.0000	1365.0000	0.0000	0.0000	12.1156	25.4719	129.9505	0.0000	0.0000	0.0000	0.0000	246.4930	0.0000	124.0000
0.2485	0.0000	0.0000	1.0000	0.2485	65.0000	1.0000	0.0000	1365.0000	0.0000	0.0000	13.4201	25.7195	123.8276	0.0000	0.0000	0.0000	0.0000	248.4970	0.0000	125.0000
0.2505	0.0000	0.0000	1.0000	0.2505	65.0000	1.0000	0.0000	1365.0000	0.0000	0.0000	12.5989	25.9488	114.6262	0.0000	0.0000	0.0000	0.0000	250.5010	0.0000	126.0000
0.2525	0.0000	0.0000	1.0000	0.2525	65.0000	1.0000	0.0000	1365.0000	0.0000	0.0000	12.1399	26.1912	121.2107	0.0000	0.0000	0.0000	0.0000	252.5050	0.0000	127.0000
0.2545	0.0000	0.0000	1.0000	0.2545	65.0000	1.0000	0.0000	1365.0000	0.0000	0.0000	11.1502	26.4354	122.0939	0.0000	0.0000	0.0000	0.0000	254.5090	0.0000	128.0000
0.2565	0.0000	0.0000	1.0000	0.2565	65.0000	1.0000	0.0000	1365.0000	0.0000	0.0000	10.7432	26.6684	116.4970	0.0000	0.0000	0.0000	0.0000	256.5130	0.0000	129.0000
0.2585	0.0000	0.0000	1.0000	0.2585	65.0000	1.0000	0.0000	1365.0000	0.0000	0.0000	11.2300	26.9095	120.5704	0.0000	0.0000	0.0000	0.0000	258.5170	0.0000	130.0000
0.2605	0.0000	0.0000	1.0000	0.2605	65.0000	1.0000	0.0000	1365.0000	0.0000	0.0000	10.4976	27.1554	122.9338	0.0000	0.0000	0.0000	0.0000	260.5210	0.0000	131.0000
0.2625	0.0000	0.0000	1.0000	0.2625	65.0000	1.0000	0.0000	1365.0000	0.0000	0.0000	11.0612	27.3976	121.1229	0.0000	0.0000	0.0000	0.0000	262.5251	0.0000	132.0000
0.2645	0.0000	0.0000	1.0000	0.2645	65.0000	1.0000	0.0000	1365.0000	0.0000	0.0000	10.3014	27.6442	123.2889	0.0000	0.0000	0.0000	0.0000	264.5291	0.0000	133.0000
0.2665	0.0000	0.0000	1.0000	0.2665	65.0000	1.0000	0.0000	1365.0000	0.0000	0.0000	10.3526	27.8758	115.8073	0.0000	0.0000	0.0000	0.0000	266.5331	0.0000	134.0000
0.2685	0.0000	0.0000	1.0000	0.2685	65.0000	1.0000	0.0000	1365.0000	0.0000	0.0000	10.7685	28.0955	109.8071	0.0000	0.0000	0.0000	0.0000	268.5371	0.0000	135.0000
0.2705	0.0000	0.0000	1.0000	0.2705	65.0000	1.0000	0.0000	1365.0000	0.0000	0.0000	9.9288	28.3263	115.4333	0.0000	0.0000	0.0000	0.0000	270.5411	0.0000	136.0000
0.2725	0.0000	0.0000	1.0000	0.2725	65.0000	1.0000	0.0000	1365.0000	0.0000	0.0000	9.7963	28.5704	122.0571	0.0000	0.0000	0.0000	0.0000	272.5451	0.0000	137.0000
0.2745	0.0000	0.0000	1.0000	0.2745	65.0000	1.0000	0.0000	1365.0000	0.0000	0.0000	10.0556	28.7954	112.4963	0.0000	0.0000	0.0000	0.0000	274.5491	0.0000	138.0000
0.2766	0.0000	0.0000	1.0000	0.2766	65.0000	1.0000	0.0000	1365.0000	0.0000	0.0000	9.9741	29.0246	114.6041	0.0000	0.0000	0.0000	0.0000	276.5531	0.0000	139.0000
0.2786	0.0000	0.0000	1.0000	0.2786	65.0000	1.0000	0.0000	1365.0000	0.0000	0.0000	10.5191	29.2431	109.2233	0.0000	0.0000	0.0000	0.0000	278.5571	0.0000	140.0000
0.2806	0.0000	0.0000	1.0000	0.2806	65.0000	1.0000	0.0000	1365.0000	0.0000	0.0000	10.6941	29.4839	120.4241	0.0000	0.0000	0.0000	0.0000	280.5611	0.0000	141.0000
0.2826	0.0000	0.0000	1.0000	0.2826	65.0000	1.0000	0.0000	1365.0000	0.0000	0.0000	10.0073	29.6890	102.5369	0.0000	0.0000	0.0000	0.0000	282.5651	0.0000	142.0000
0.2846	0.0000	0.0000	1.0000	0.2846	65.0000	1.0000	0.0000	1365.0000	0.0000	0.0000	10.6363	29.9044	107.6784	0.0000	0.0000	0.0000	0.0000	284.5691	0.0000	143.0000
0.2866	0.0000	0.0000	1.0000	0.2866	65.0000	1.0000	0.0000	1365.0000	0.0000	0.0000	10.9127	30.1383	116.9936	0.0000	0.0000	0.0000	0.0000	286.5731	0.0000	144.0000
0.2886	0.0000	0.0000	1.0000	0.2886	65.0000	1.0000	0.0000	1365.0000	0.0000	0.0000	10.6561	30.3356	98.6262	0.0000	0.0000	0.0000	0.0000	288.5772	0.0000	145.0000
0.2906	0.0000	0.0000	1.0000	0.2906	65.0000	1.0000	0.0000	1365.0000	0.0000	0.0000	10.1771	30.5351	99.7430	0.0000	0.0000	0.0000	0.0000	290.5812	0.0000	146.0000
0.2926	0.0000	0.0000	1.0000	0.2926	65.0000	1.0000	0.0000	1365.0000	0.0000	0.0000	10.6727	30.7524	108.6385	0.0000	0.0000	0.0000	0.0000	292.5852	0.0000	147.0000
0.2946	0.0000	0.0000	1.0000	0.2946	65.0000	1.0000	0.0000	1365.0000	0.0000	0.0000	12.2700	30.9586	103.1144	0.0000	0.0000	0.0000	0.0000	294.5892	0.0000	148.0000
0.2966	0.0000	0.0000	1.0000	0.2966	65.0000	1.0000	0.0000	1365.0000	0.0000	0.0000	11.4026	31.1757	108.5763	0.0000	0.0000	0.0000	0.0000	296.5932	0.0000	149.0000
0.2986	0.0000	0.0000	1.0000	0.2986	65.0000	1.0000	0.0000	1365.0000	0.0000	0.0000	12.3123	31.3859	105.0933	0.0000	0.0000	0.0000	0.0000	298.5972	0.0000	150.0000
0.3006	0.0000	0.0000	1.0000	0.3006	65.0000	1.0000	0.0000	1365.0000	0.0000	0.0000	11.8203	31.5962	105.1350	0.0000	0.0000	0.0000	0.0000	300.6012	0.0000	151.0000
0.3026	0.0000	0.0000	1.0000	0.3026	65.0000	1.0000	0.0000	1365.0000	0.0000	0.0000	12.0905	31.7914	97.5813	0.0000	0.0000	0.0000	0.0000	302.6052	0.0000	152.0000
0.3046	0.0000	0.0000	1.0000	0.3046	65.0000	1.0000	0.0000	1365.0000	0.0000	0.0000	12.5257	31.9883	98.4442	0.0000	0.0000	0.0000	0.0000	304.6092	0.0000	153.0000
0.3066	0.0000	0.0000	1.0000	0.3066	65.0000	1.0000	0.0000	1365.0000	0.0000	0.0000	11.6023	32.1902	100.9736	0.0000	0.0000	0.0000	0.0000	306.6132	0.0000	154.0000
0.3086	0.0000	0.0000	1.0000	0.3086	65.0000	1.0000	0.0000	1365.0000	0.0000	0.0000	12.7036	32.3874	98.5886	0.0000	0.0000	0.0000	0.0000	308.6172	0.0000	155.0000
0.3106	0.0000	0.0000	1.0000	0.3106	65.0000	1.0000	0.0000	1365.0000	0.0000	0.0000	13.5496	32.5788	95.6869	0.0000	0.0000	0.0000	0.0000	310.6212	0.0000	156.0000
0.3126	0.0000	0.0000	1.0000	0.3126	65.0000	1.0000	0.0000	1365.0000	0.0000	0.0000	12.7730	32.7670	94.1441	0.0000	0.0000	0.0000	0.0000	312.6253	0.0000	157.0000
0.3146	0.0000	0.0000	1.0000	0.3146	65.0000	1.0000	0.0000	1365.0000	0.0000	0.0000	12.9843	32.9547	93.8177	0.0000	0.0000	0.0000	0.0000	314.6293	0.0000	158.0000
0.3166	0.0000	0.0000	1.0000	0.3166	65.0000	1.0000	0.0000	1365.0000	0.0000	0.0000	13.8043	33.1426	93.9854	0.0000	0.0000	0.0000	0.0000	316.6333	0.0000	159.0000
0.3186	0.0000	0.0000	1.0000	0.3186	65.0000	1.0000	0.0000	1365.0000	0.0000	0.0000	14.1388	33.3169	87.1187	0.0000	0.0000	0.0000	0.0000	318.6373	0.0000	160.0000
0.3206	0.0000	0.0000	1.0000	0.3206	65.0000	1.0000	0.0000	1365.0000	0.0000	0.0000	12.8281	33.4948	88.9508	0.0000	0.0000	0.0000	0.0000	320.6413	0.0000	161.0000
0.3226	0.0000	0.0000	1.0000	0.3226	65.0000	1.0000	0.0000	1365.0000	0.0000	0.0000	14.1943	33.6558	80.5170	0.0000	0.0000	0.0000	0.0000	322.6453	0.0000	162.0000
0.3246	0.0000	0.0000	1.0000	0.3246	65.0000	1.0000	0.0000	1365.0000	0.0000	0.0000	14.1503	33.8108	77.4731	0.0000	0.0000	0.0000	0.0000	324.6493	0.0000	163.0000
0.3267	0.0000	0.0000	1.0000	0.3267	65.0000	1.0000	0.0000	1365.0000	0.0000	0.0000	12.4123	33.9788	84.0114	0.0000	0.0000	0.0000	0.0000	326.6533	0.0000	164.0000
0.3287	0.0000	0.0000	1.0000	0.3287	65.0000	1.0000	0.0000	1365.0000	0.0000	0.0000	13.6118	34.1582	89.7180	0.0000	0.0000	0.0000	0.0000	328.6573	0.0000	165.0000
0.3307	0.0000	0.0000	1.0000	0.3307	65.0000	1.0000	0.0000	1365.0000	0.0000	0.0000	14.2847	34.3236	82.6840	0.0000	0.0000	0.0000	0.0000	330.6613	0.0000	166.0000
0.3327	0.0000	0.0000	1.0000	0.3327	65.0000	1.0000	0.0000	1365.0000	0.0000	0.0000	13.4707	34.4915	83.9459	0.0000	0.0000	0.0000	0.0000	332.6653	0.0000	167.0000
0.3347	0.0000	0.0000	1.0000	0.3347	65.0000	1.0000	0.0000	1365.0000	0.0000	0.0000	13.1456	34.6563	82.3964	0.0000	0.0000	0.0000	0.0000	334.6693	0.0000	168.0000
0.3367	0.0000	0.0000	1.0000	0.3367	65.0000	1.0000	0.0000	1365.0000	0.0000	0.0000	13.9005	34.8253	84.5340	0.0000	0.0000	0.0000	0.0000	336.6733	0.0000	169.0000
0.3387	0.0000	0.0000	1.0000	0.3387	65.0000	1.0000	0.0000	1365.0000	0.0000	0.0000	12.4849	34.9798	77.2311	0.0000	0.0000	0.0000	0.0000	338.6774	0.0000	170.0000
0.3407	0.0000	0.0000	1.0000	0.3407	65.0000	1.0000	0.0000	1365.0000	0.0000	0.0000	13.7957	35.1666	93.4092	0.0000	0.0000	0.0000	0.0000	340.6814	0.0000	171.0000
0.3427	0.0000	0.0000	1.0000	0.3427	65.0000	1.0000	0.0000	1365.0000	0.0000	0.0000	12.6168	35.3351	84.2127	0.0000	0.0000	0.0000	0.0000	342.6854	0.0000	172.0000
0.3447	0.0000	0.0000	1.0000	0.3447	65.0000	1.0000	0.0000	1365.0000	0.0000	0.0000	12.2226	35.5033	84.1221	0.0000	0.0000	0.0000	0.0000	344.6894	0.0000	173.0000
0.3467	0.0000	0.0000	1.0000	0.3467	65.0000	1.0000	0.0000	1365.0000	0.0000	0.0000	11.6656	35.6752	85.9550	0.0000	0.0000	0.0000	0.0000	346.6934	0.0000	174.0000
0.3487	0.0000	0.0000	1.0000	0.3487	65.0000	1.0000	0.0000	1365.0000	0.0000	0.0000	11.4516	35.8252	74.9901	0.0000	0.0000	0.0000	0.0000	348.6974	0.0000	175.0000
0.3507	0.0000	0.0000	1.0000	0.3507	65.0000	1.0000	0.0000	1365.0000	0.0000	0.0000	11.7004	36.0110	92.9322	0.0000	0.0000	0.0000	0.0000	350.7014	0.0000	176.0000
0.3527	0.0000	0.0000	1.0000	0.3527	65.0000	1.0000	0.0000	1365.0000	0.0000	0.0000	11.6666	36.1764	82.6718	0.0000	0.0000	0.0000	0.0000	352.7054	0.0000	177.0000
0.3547	0.0000	0.0000	1.0000	0.3547	65.0000	1.0000	0.0000	1365.0000	0.0000	0.0000	10.8228	36.3377	80.6757	0.0000	0.0000	0.0000	0.0000	354.7094	0.0000	178.0000
0.3567	0.0000	0.0000	1.0000	0.3567	65.0000	1.0000	0.0000	1365.0000	0.0000	0.0000	11.3458	36.5015	81.8961	0.0000	0.0000	0.0000	0.0000	356.7134	0.0000	179.0000
0.3587	0.0000	0.0000	1.0000	0.3587	65.0000	1.0000	0.0000	1365.0000	0.0000	0.0000	10.9546	36.6589	78.6846	0.0000	0.0000	0.0000	0.0000	358.7174	0.0000	180.0000
0.3607	0.0000	0.0000	1.0000	0.3607	65.0000	1.0000	0.0000	1365.0000	0.0000	0.0000	10.4529	36.8264	83.7388	0.0000	0.0000	0.0000	0.0000	360.7214	0.0000	181.0000
0.3627	0.0000	0.0000	1.0000	0.3627	65.0000	1.0000	0.0000	1365.0000	0.0000	0.0000	10.6475	36.9774	75.4968	0.0000	0.0000	0.0000	0.0000	362.7255	0.0000	182.0000
0.3647	0.0000	0.0000	1.0000	0.3647	65.0000	1.0000	0.0000	1365.0000	0.0000	0.0000	11.3471	37.1218	72.2044	0.0000	0.0000	0.0000	0.0000	364.7295	0.0000	183.0000
0.3667	0.0000	0.0000	1.0000	0.3667	65.0000	1.0000	0.0000	1365.0000	0.0000	0.0000	9.9146	37.3022	90.2185	0.0000	0.0000	0.0000	0.0000	366.7335	0.0000	184.0000
0.3687	0.0000	0.0000	1.0000	0.3687	65.0000	1.0000	0.0000	1365.0000	0.0000	0.0000	10.1591	37.4711	84.4246	0.0000	0.0000	0.0000	0.0000	368.7375	0.0000	185.0000
0.3707	0.0000	0.0000	1.0000	0.3707	65.0000	1.0000	0.0000	1365.0000	0.0000	0.0000	10.2534	37.6462	87.5859	0.0000	0.0000	0.0000	0.0000	370.7415	0.0000	186.0000
0.3727	0.0000	0.0000	1.0000	0.3727	65.0000	1.0000	0.0000	1365.0000	0.0000	0.0000	9.8473	37.8084	81.0831	0.0000	0.0000	0.0000	0.0000	372.7455	0.0000	187.0000
0.3747	0.0000	0.0000	1.0000	0.3747	65.0000	1.0000	0.0000	1365.0000	0.0000	0.0000	10.2181	37.9793	85.4244	0.0000	0.0000	0.0000	0.0000	374.7495	0.0000	188.0000
0.3768	0.0000	0.0000	1.0000	0.3768	65.0000	1.0000	0.0000	1365.0000	0.0000	0.0000	10.1858	38.1543	87.5361	0.0000	0.0000	0.0000	0.0000	376.7535	0.0000	189.0000
0.3788	0.0000	0.0000	1.0000	0.3788	65.0000	1.0000	0.0000	1365.0000	0.0000	0.0000	10.9475	38.3299	87.8059	0.0000	0.0000	0.0000	0.0000	378.7575	0.0000	190.0000
0.3808	0.0000	0.0000	1.0000	0.3808	65.0000	1.0000	0.0000	1365.0000	0.0000	0.0000	9.9867	38.4991	84.6005	0.0000	0.0000	0.0000	0.0000	380.7615	0.0000	191.0000
0.3828	0.0000	0.0000	1.0000	0.3828	65.0000	1.0000	0.0000	1365.0000	0.0000	0.0000	10.2749	38.6743	87.5924	0.0000	0.0000	0.0000	0.0000	382.7655	0.0000	192.0000
0.3848	0.0000	0.0000	1.0000	0.3848	65.0000	1.0000	0.0000	1365.0000	0.0000	0.0000	10.2443	38.8437	84.6651	0.0000	0.0000	0.0000	0.0000	384.7695	0.0000	193.0000
0.3868	0.0000	0.0000	1.0000	0.3868	65.0000	1.0000	0.0000	1365.0000	0.0000	0.0000	10.8633	39.0060	81.1654	0.0000	0.0000	0.0000	0.0000	386.7735	0.0000	194.0000
0.3888	0.0000	0.0000	1.0000	0.3888	65.0000	1.0000	0.0000	1365.0000	0.0000	0.0000	9.8568	39.1945	94.2573	0.0000	0.0000	0.0000	0.0000	388.7776	0.0000	195.0000
0.3908	0.0000	0.0000	1.0000	0.3908	65.0000	1.0000	0.0000	1365.0000	0.0000	0.0000	11.0631	39.3869	96.1965	0.0000	0.0000	0.0000	0.0000	390.7816	0.0000	196.0000
0.3928	0.0000	0.0000	1.0000	0.3928	65.0000	1.0000	0.0000	1365.0000	0.0000	0.0000	11.1913	39.5794	96.2651	0.0000	0.0000	0.0000	0.0000	392.7856	0.0000	197.0000
0.3948	0.0000	0.0000	1.0000	0.3948	65.0000	1.0000	0.0000	1365.0000	0.0000	0.0000	11.6471	39.7745	97.5560	0.0000	0.0000	0.0000	0.0000	394.7896	0.0000	198.0000
0.3968	0.0000	0.0000	1.0000	0.3968	65.0000	1.0000	0.0000	1365.0000	0.0000	0.0000	11.1627	39.9771	101.2650	0.0000	0.0000	0.0000	0.0000	396.7936	0.0000	199.0000
0.3988	0.0000	0.0000	1.0000	0.3988	65.0000	1.0000	0.0000	1365.0000	0.0000	0.0000	12.7256	40.1790	100.9732	0.0000	0.0000	0.0000	0.0000	398.7976	0.0000	200.0000
0.4008	0.0000	0.0000	1.0000	0.4008	65.0000	1.0000	0.0000	1365.0000	0.0000	0.0000	11.6014	40.3671	94.0289	0.0000	0.0000	0.0000	0.0000	400.8016	0.0000	201.0000
0.4028	0.0000	0.0000	1.0000	0.4028	65.0000	1.0000	0.0000	1365.0000	0.0000	0.0000	13.0741	40.5753	104.1226	0.0000	0.0000	0.0000	0.0000	402.8056	0.0000	202.0000
0.4048	0.0000	0.0000	1.0000	0.4048	65.0000	1.0000	0.0000	1365.0000	0.0000	0.0000	12.4944	40.7962	110.4383	0.0000	0.0000	0.0000	0.0000	404.8096	0.0000	203.0000
0.4068	0.0000	0.0000	1.0000	0.4068	65.0000	1.0000	0.0000	1365.0000	0.0000	0.0000	13.7637	40.9891	96.4417	0.0000	0.0000	0.0000	0.0000	406.8136	0.0000	204.0000
0.4088	0.0000	0.0000	1.0000	0.4088	65.0000	1.0000	0.0000	1365.0000	0.0000	0.0000	12.5014	41.2034	107.1820	0.0000	0.0000	0.0000	0.0000	408.8176	0.0000	205.0000
0.4108	0.0000	0.0000	1.0000	0.4108	65.0000	1.0000	0.0000	1365.0000	0.0000	0.0000	13.4658	41.4039	100.2339	0.0000	0.0000	0.0000	0.0000	410.8216	0.0000	206.0000
0.4128	0.0000	0.0000	1.0000	0.4128	65.0000	1.0000	0.0000	1365.0000	0.0000	0.0000	12.7207	41.6293	112.6870	0.0000	0.0000	0.0000	0.0000	412.8257	0.0000	207.0000
0.4148	0.0000	0.0000	1.0000	0.4148	65.0000	1.0000	0.0000	1365.0000	0.0000	0.0000	13.1591	41.8525	111.6069	0.0000	0.0000	0.0000	0.0000	414.8297	0.0000	208.0000
0.4168	0.0000	0.0000	1.0000	0.4168	65.0000	1.0000	0.0000	1365.0000	0.0000	0.0000	14.1223	42.0696	108.5264	0.0000	0.0000	0.0000	0.0000	416.8337	0.0000	209.0000
0.4188	0.0000	0.0000	1.0000	0.4188	65.0000	1.0000	0.0000	1365.0000	0.0000	0.0000	14.1029	42.3107	120.5651	0.0000	0.0000	0.0000	0.0000	418.8377	0.0000	210.0000
0.4208	0.0000	0.0000	1.0000	0.4208	65.0000	1.0000	0.0000	1365.0000	0.0000	0.0000	13.8461	42.5298	109.5738	0.0000	0.0000	0.0000	0.0000	420.8417	0.0000	211.0000
0.4228	0.0000	0.0000	1.0000	0.4228	65.0000	1.0000	0.0000	1365.0000	0.0000	0.0000	13.7390	42.7621	116.1547	0.0000	0.0000	0.0000	0.0000	422.8457	0.0000	212.0000
0.4248	0.0000	0.0000	1.0000	0.4248	65.0000	1.0000	0.0000	1365.0000	0.0000	0.0000	14.2859	42.9876	112.7450	0.0000	0.0000	0.0000	0.0000	424.8497	0.0000	213.0000
0.4269	0.0000	0.0000	1.0000	0.4269	65.0000	1.0000	0.0000	1365.0000	0.0000	0.0000	14.8640	43.2197	116.0323	0.0000	0.0000	0.0000	0.0000	426.8537	0.0000	214.0000
0.4289	0.0000	0.0000	1.0000	0.4289	65.0000	1.0000	0.0000	1365.0000	0.0000	0.0000	14.0358	43.4496	114.9396	0.0000	0.0000	0.0000	0.0000	428.8577	0.0000	215.0000
0.4309	0.0000	0.0000	1.0000	0.4309	65.0000	1.0000	0.0000	1365.0000	0.0000	0.0000	14.4607	43.6833	116.8460	0.0000	0.0000	0.0000	0.0000	430.8617	0.0000	216.0000
0.4329	0.0000	0.0000	1.0000	0.4329	65.0000	1.0000	0.0000	1365.0000	0.0000	0.0000	13.6309	43.9023	109.5412	0.0000	0.0000	0.0000	0.0000	432.8657	0.0000	217.0000
0.4349	0.0000	0.0000	1.0000	0.4349	65.0000	1.0000	0.0000	1365.0000	0.0000	0.0000	13.0781	44.1365	117.0566	0.0000	0.0000	0.0000	0.0000	434.8697	0.0000	218.0000
0.4369	0.0000	0.0000	1.0000	0.4369	65.0000	1.0000	0.0000	1365.0000	0.0000	0.0000	13.3175	44.3559	109.7191	0.0000	0.0000	0.0000	0.0000	436.8737	0.0000	219.0000
0.4389	0.0000	0.0000	1.0000	0.4389	65.0000	1.0000	0.0000	1365.0000	0.0000	0.0000	12.8527	44.5894	116.7538	0.0000	0.0000	0.0000	0.0000	438.8778	0.0000	220.0000
0.4409	0.0000	0.0000	1.0000	0.4409	65.0000	1.0000	0.0000	1365.0000	0.0000	0.0000	14.4103	44.8240	117.3140	0.0000	0.0000	0.0000	0.0000	440.8818	0.0000	221.0000
0.4429	0.0000	0.0000	1.0000	0.4429	65.0000	1.0000	0.0000	1365.0000	0.0000	0.0000	13.6217	45.0394	107.6620	0.0000	0.0000	0.0000	0.0000	442.8858	0.0000	222.0000
0.4449	0.0000	0.0000	1.0000	0.4449	65.0000	1.0000	0.0000	1365.0000	0.0000	0.0000	12.4405	45.2615	111.0959	0.0000	0.0000	0.0000	0.0000	444.8898	0.0000	223.0000
0.4469	0.0000	0.0000	1.0000	0.4469	65.0000	1.0000	0.0000	1365.0000	0.0000	0.0000	11.5352	45.4873	112.8784	0.0000	0.0000	0.0000	0.0000	446.8938	0.0000	224.0000
0.4489	0.0000	0.0000	1.0000	0.4489	65.0000	1.0000	0.0000	1365.0000	0.0000	0.0000	12.0622	45.7132	112.9666	0.0000	0.0000	0.0000	0.0000	448.8978	0.0000	225.0000
0.4509	0.0000	0.0000	1.0000	0.4509	65.0000	1.0000	0.0000	1365.0000	0.0000	0.0000	11.7001	45.9605	123.6341	0.0000	0.0000	0.0000	0.0000	450.9018	0.0000	226.0000
0.4529	0.0000	0.0000	1.0000	0.4529	65.0000	1.0000	0.0000	1365.0000	0.0000	0.0000	11.3122	46.1952	117.3238	0.0000	0.0000	0.0000	0.0000	452.9058	0.0000	227.0000
0.4549	0.0000	0.0000	1.0000	0.4549	65.0000	1.0000	0.0000	1365.0000	0.0000	0.0000	11.5215	46.4462	125.5414	0.0000	0.0000	0.0000	0.0000	454.9098	0.0000	228.0000
0.4569	0.0000	0.0000	1.0000	0.4569	65.0000	1.0000	0.0000	1365.0000	0.0000	0.0000	11.4235	46.6899	121.8119	0.0000	0.0000	0.0000	0.0000	456.9138	0.0000	229.0000
0.4589	0.0000	0.0000	1.0000	0.4589	65.0000	1.0000	0.0000	1365.0000	0.0000	0.0000	10.9283	46.9177	113.9092	0.0000	0.0000	0.0000	0.0000	458.9178	0.0000	230.0000
0.4609	0.0000	0.0000	1.0000	0.4609	65.0000	1.0000	0.0000	1365.0000	0.0000	0.0000	10.1342	47.1528	117.5729	0.0000	0.0000	0.0000	0.0000	460.9218	0.0000	231.0000
0.4629	0.0000	0.0000	1.0000	0.4629	65.0000	1.0000	0.0000	1365.0000	0.0000	0.0000	10.7098	47.3847	115.9569	0.0000	0.0000	0.0000	0.0000	462.9259	0.0000	232.0000
0.4649	0.0000	0.0000	1.0000	0.4649	65.0000	1.0000	0.0000	1365.0000	0.0000	0.0000	10.5556	47.6390	127.1168	0.0000	0.0000	0.0000	0.0000	464.9299	0.0000	233.0000
0.4669	0.0000	0.0000	1.0000	0.4669	65.0000	1.0000	0.0000	1365.0000	0.0000	0.0000	10.2851	47.8719	116.4664	0.0000	0.0000	0.0000	0.0000	466.9339	0.0000	234.0000
0.4689	0.0000	0.0000	1.0000	0.4689	65.0000	1.0000	0.0000	1365.0000	0.0000	0.0000	9.7597	48.0991	113.5939	0.0000	0.0000	0.0000	0.0000	468.9379	0.0000	235.0000
0.4709	0.0000	0.0000	1.0000	0.4709	65.0000	1.0000	0.0000	1365.0000	0.0000	0.0000	10.9759	48.3394	120.1769	0.0000	0.0000	0.0000	0.0000	470.9419	0.0000	236.0000
0.4729	0.0000	0.0000	1.0000	0.4729	65.0000	1.0000	0.0000	1365.0000	0.0000	0.0000	8.6515	48.5667	113.6337	0.0000	0.0000	0.0000	0.0000	472.9459	0.0000	237.0000
0.4749	0.0000	0.0000	1.0000	0.4749	65.0000	1.0000	0.0000	1365.0000	0.0000	0.0000	10.6517	48.8064	119.8620	0.0000	0.0000	0.0000	0.0000	474.9499	0.0000	238.0000
0.4770	0.0000	0.0000	1.0000	0.4770	65.0000	1.0000	0.0000	1365.0000	0.0000	0.0000	9.9047	49.0320	112.7931	0.0000	0.0000	0.0000	0.0000	476.9539	0.0000	239.0000
0.4790	0.0000	0.0000	1.0000	0.4790	65.0000	1.0000	0.0000	1365.0000	0.0000	0.0000	10.6056	49.2350	101.4690	0.0000	0.0000	0.0000	0.0000	478.9579	0.0000	240.0000
0.4810	0.0000	0.0000	1.0000	0.4810	65.0000	1.0000	0.0000	1365.0000	0.0000	0.0000	9.6910	49.4601	112.5680	0.0000	0.0000	0.0000	0.0000	480.9619	0.0000	241.0000
0.4830	0.0000	0.0000	1.0000	0.4830	65.0000	1.0000	0.0000	1365.0000	0.0000	0.0000	10.2886	49.6632	101.5408	0.0000	0.0000	0.0000	0.0000	482.9659	0.0000	242.0000
0.4850	0.0000	0.0000	1.0000	0.4850	65.0000	1.0000	0.0000	1365.0000	0.0000	0.0000	10.2046	49.8999	118.3622	0.0000	0.0000	0.0000	0.0000	484.9699	0.0000	243.0000
0.4870	0.0000	0.0000	1.0000	0.4870	65.0000	1.0000	0.0000	1365.0000	0.0000	0.0000	11.1211	50.1175	108.7867	0.0000	0.0000	0.0000	0.0000	486.9739	0.0000	244.0000
0.4890	0.0000	0.0000	1.0000	0.4890	65.0000	1.0000	0.0000	1365.0000	0.0000	0.0000	10.4235	50.3371	109.8281	0.0000	0.0000	0.0000	0.0000	488.9780	0.0000	245.0000
0.4910	0.0000	0.0000	1.0000	0.4910	65.0000	1.0000	0.0000	1365.0000	0.0000	0.0000	9.6643	50.5502	106.5096	0.0000	0.0000	0.0000	0.0000	490.9820	0.0000	246.0000
0.4930	0.0000	0.0000	1.0000	0.4930	65.0000	1.0000	0.0000	1365.0000	0.0000	0.0000	11.8368	50.7537	101.7588	0.0000	0.0000	0.0000	0.0000	492.9860	0.0000	247.0000
0.4950	0.0000	0.0000	1.0000	0.4950	65.0000	1.0000	0.0000	1365.0000	0.0000	0.0000	11.2953	50.9724	109.3863	0.0000	0.0000	0.0000	0.0000	494.9900	0.0000	248.0000
0.4970	0.0000	0.0000	1.0000	0.4970	65.0000	1.0000	0.0000	1365.0000	0.0000	0.0000	12.3091	51.1775	102.5243	0.0000	0.0000	0.0000	0.0000	496.9940	0.0000	249.0000
0.4990	0.0000	0.0000	1.0000	0.4990	65.0000	1.0000	0.0000	1365.0000	0.0000	0.0000	11.7595	51.3770	99.7294	0.0000	0.0000	0.0000	0.0000	498.9980	0.0000	250.0000
0.5010	0.0000	0.0000	1.0000	0.5010	65.0000	1.0000	0.0000	1365.0000	0.0000	0.0000	12.8502	51.5949	108.9754	0.0000	0.0000	0.0000	0.0000	501.0020	0.0000	251.0000
0.5030	0.0000	0.0000	1.0000	0.5030	65.0000	1.0000	0.0000	1365.0000	0.0000	0.0000	12.7945	51.8029	103.9848	0.0000	0.0000	0.0000	0.0000	503.0060	0.0000	252.0000
0.5050	0.0000	0.0000	1.0000	0.5050	65.0000	1.0000	0.0000	1365.0000	0.0000	0.0000	12.8188	51.9942	95.6614	0.0000	0.0000	0.0000	0.0000	505.0100	0.0000	253.0000
0.5070	0.0000	0.0000	1.0000	0.5070	65.0000	1.0000	0.0000	1365.0000	0.0000	0.0000	12.8837	52.2017	103.7629	0.0000	0.0000	0.0000	0.0000	507.0140	0.0000	254.0000
0.5090	0.0000	0.0000	1.0000	0.5090	65.0000	1.0000	0.0000	1365.0000	0.0000	0.0000	13.0101	52.3910	94.6612	0.0000	0.0000	0.0000	0.0000	509.0180	0.0000	255.0000
0.5110	0.0000	0.0000	1.0000	0.5110	65.0000	1.0000	0.0000	1365.0000	0.0000	0.0000	13.5990	52.5579	83.4300	0.0000	0.0000	0.0000	0.0000	511.0220	0.0000	256.0000
0.5130	0.0000	0.0000	1.0000	0.5130	65.0000	1.0000	0.0000	1365.0000	0.0000	0.0000	13.9644	52.7423	92.1945	0.0000	0.0000	0.0000	0.0000	513.0261	0.0000	257.0000
0.5150	0.0000	0.0000	1.0000	0.5150	65.0000	1.0000	0.0000	1365.0000	0.0000	0.0000	13.4238	52.9113	84.5231	0.0000	0.0000	0.0000	0.0000	515.0301	0.0000	258.0000
0.5170	0.0000	0.0000	1.0000	0.5170	65.0000	1.0000	0.0000	1365.0000	0.0000	0.0000	14.0066	53.0757	82.1910	0.0000	0.0000	0.0000	0.0000	517.0341	0.0000	259.0000
0.5190	0.0000	0.0000	1.0000	0.5190	65.0000	1.0000	0.0000	1365.0000	0.0000	0.0000	13.8233	53.2617	92.9898	0.0000	0.0000	0.0000	0.0000	519.0381	0.0000	260.0000
0.5210	0.0000	0.0000	1.0000	0.5210	65.0000	1.0000	0.0000	1365.0000	0.0000	0.0000	14.5153	53.4296	83.9668	0.0000	0.0000	0.0000	0.0000	521.0421	0.0000	261.0000
0.5230	0.0000	0.0000	1.0000	0.5230	65.0000	1.0000	0.0000	1365.0000	0.0000	0.0000	13.9799	53.5935	81.9406	0.0000	0.0000	0.0000	0.0000	523.0461	0.0000	262.0000
0.5251	0.0000	0.0000	1.0000	0.5251	65.0000	1.0000	0.0000	1365.0000	0.0000	0.0000	14.2054	53.7563	81.4154	0.0000	0.0000	0.0000	0.0000	525.0501	0.0000	263.0000
0.5271	0.0000	0.0000	1.0000	0.5271	65.0000	1.0000	0.0000	1365.0000	0.0000	0.0000	14.4902	53.9219	82.7897	0.0000	0.0000	0.0000	0.0000	527.0541	0.0000	264.0000
0.5291	0.0000	0.0000	1.0000	0.5291	65.0000	1.0000	0.0000	1365.0000	0.0000	0.0000	13.7627	54.0759	76.9913	0.0000	0.0000	0.0000	0.0000	529.0581	0.0000	265.0000
0.5311	0.0000	0.0000	1.0000	0.5311	65.0000	1.0000	0.0000	1365.0000	0.0000	0.0000	14.5412	54.2443	84.1897	0.0000	0.0000	0.0000	0.0000	531.0621	0.0000	266.0000
0.5331	0.0000	0.0000	1.0000	0.5331	65.0000	1.0000	0.0000	1365.0000	0.0000	0.0000	13.1039	54.4115	83.5934	0.0000	0.0000	0.0000	0.0000	533.0661	0.0000	267.0000
0.5351	0.0000	0.0000	1.0000	0.5351	65.0000	1.0000	0.0000	1365.0000	0.0000	0.0000	12.9686	54.5741	81.3330	0.0000	0.0000	0.0000	0.0000	535.0701	0.0000	268.0000
0.5371	0.0000	0.0000	1.0000	0.5371	65.0000	1.0000	0.0000	1365.0000	0.0000	0.0000	13.0839	54.7496	87.7405	0.0000	0.0000	0.0000	0.0000	537.0741	0.0000	269.0000
0.5391	0.0000	0.0000	1.0000	0.5391	65.0000	1.0000	0.0000	1365.0000	0.0000	0.0000	13.1087	54.9133	81.8450	0.0000	0.0000	0.0000	0.0000	539.0782	0.0000	270.0000
0.5411	0.0000	0.0000	1.0000	0.5411	65.0000	1.0000	0.0000	1365.0000	0.0000	0.0000	14.4040	55.0731	79.9187	0.0000	0.0000	0.0000	0.0000	541.0822	0.0000	271.0000
0.5431	0.0000	0.0000	1.0000	0.5431	65.0000	1.0000	0.0000	1365.0000	0.0000	0.0000	13.0871	55.2143	70.5847	0.0000	0.0000	0.0000	0.0000	543.0862	0.0000	272.0000
0.5451	0.0000	0.0000	1.0000	0.5451	65.0000	1.0000	0.0000	1365.0000	0.0000	0.0000	13.4265	55.3882	86.9409	0.0000	0.0000	0.0000	0.0000	545.0902	0.0000	273.0000
0.5471	0.0000	0.0000	1.0000	0.5471	65.0000	1.0000	0.0000	1365.0000	0.0000	0.0000	12.0174	55.5387	75.2522	0.0000	0.0000	0.0000	0.0000	547.0942	0.0000	274.0000
0.5491	0.0000	0.0000	1.0000	0.5491	65.0000	1.0000	0.0000	1365.0000	0.0000	0.0000	11.8320	55.6870	74.1603	0.0000	0.0000	0.0000	0.0000	549.0982	0.0000	275.0000
0.5511	0.0000	0.0000	1.0000	0.5511	65.0000	1.0000	0.0000	1365.0000	0.0000	0.0000	11.8754	55.8558	84.3999	0.0000	0.0000	0.0000	0.0000	551.1022	0.0000	276.0000
0.5531	0.0000	0.0000	1.0000	0.5531	65.0000	1.0000	0.0000	1365.0000	0.0000	0.0000	10.9676	56.0102	77.2114	0.0000	0.0000	0.0000	0.0000	553.1062	0.0000	277.0000
0.5551	0.0000	0.0000	1.0000	0.5551	65.0000	1.0000	0.0000	1365.0000	0.0000	0.0000	11.3298	56.1723	81.0229	0.0000	0.0000	0.0000	0.0000	555.1102	0.0000	278.0000
0.5571	0.0000	0.0000	1.0000	0.5571	65.0000	1.0000	0.0000	1365.0000	0.0000	0.0000	11.7292	56.3400	83.8659	0.0000	0.0000	0.0000	0.0000	557.1142	0.0000	279.0000
0.5591	0.0000	0.0000	1.0000	0.5591	65.0000	1.0000	0.0000	1365.0000	0.0000	0.0000	10.9771	56.5084	84.1726	0.0000	0.0000	0.0000	0.0000	559.1182	0.0000	280.0000
0.5611	0.0000	0.0000	1.0000	0.5611	65.0000	1.0000	0.0000	1365.0000	0.0000	0.0000	10.0071	56.6622	76.9188	0.0000	0.0000	0.0000	0.0000	561.1222	0.0000	281.0000
0.5631	0.0000	0.0000	1.0000	0.5631	65.0000	1.0000	0.0000	1365.0000	0.0000	0.0000	11.0512	56.8254	81.6209	0.0000	0.0000	0.0000	0.0000	563.1263	0.0000	282.0000
0.5651	0.0000	0.0000	1.0000	0.5651	65.0000	1.0000	0.0000	1365.0000	0.0000	0.0000	9.9073	56.9882	81.3740	0.0000	0.0000	0.0000	0.0000	565.1303	0.0000	283.0000
0.5671	0.0000	0.0000	1.0000	0.5671	65.0000	1.0000	0.0000	1365.0000	0.0000	0.0000	9.2327	57.1570	84.3886	0.0000	0.0000	0.0000	0.0000	567.1343	0.0000	284.0000
0.5691	0.0000	0.0000	1.0000	0.5691	65.0000	1.0000	0.0000	1365.0000	0.0000	0.0000	9.7674	57.3224	82.6909	0.0000	0.0000	0.0000	0.0000	569.1383	0.0000	285.0000
0.5711	0.0000	0.0000	1.0000	0.5711	65.0000	1.0000	0.0000	1365.0000	0.0000	0.0000	9.8469	57.4963	86.9515	0.0000	0.0000	0.0000	0.0000	571.1423	0.0000	286.0000
0.5731	0.0000	0.0000	1.0000	0.5731	65.0000	1.0000	0.0000	1365.0000	0.0000	0.0000	10.1206	57.6530	78.3850	0.0000	0.0000	0.0000	0.0000	573.1463	0.0000	287.0000
0.5752	0.0000	0.0000	1.0000	0.5752	65.0000	1.0000	0.0000	1365.0000	0.0000	0.0000	10.7686	57.8372	92.1006	0.0000	0.0000	0.0000	0.0000	575.1503	0.0000	288.0000
0.5772	0.0000	0.0000	1.0000	0.5772	65.0000	1.0000	0.0000	1365.0000	0.0000	0.0000	9.9062	58.0047	83.7106	0.0000	0.0000	0.0000	0.0000	577.1543	0.0000	289.0000
0.5792	0.0000	0.0000	1.0000	0.5792	65.0000	1.0000	0.0000	1365.0000	0.0000	0.0000	8.9161	58.1700	82.6931	0.0000	0.0000	0.0000	0.0000	579.1583	0.0000	290.0000
0.5812	0.0000	0.0000	1.0000	0.5812	65.0000	1.0000	0.0000	1365.0000	0.0000	0.0000	9.4488	58.3411	85.5063	0.0000	0.0000	0.0000	0.0000	581.1623	0.0000	291.0000
0.5832	0.0000	0.0000	1.0000	0.5832	65.0000	1.0000	0.0000	1365.0000	0.0000	0.0000	10.0726	58.5205	89.7210	0.0000	0.0000	0.0000	0.0000	583.1663	0.0000	292.0000
0.5852	0.0000	0.0000	1.0000	0.5852	65.0000	1.0000	0.0000	1365.0000	0.0000	0.0000	9.5673	58.6960	87.7382	0.0000	0.0000	0.0000	0.0000	585.1703	0.0000	293.0000
0.5872	0.0000	0.0000	1.0000	0.5872	65.0000	1.0000	0.0000	1365.0000	0.0000	0.0000	11.8502	58.8683	86.1493	0.0000	0.0000	0.0000	0.0000	587.1743	0.0000	294.0000
0.5892	0.0000	0.0000	1.0000	0.5892	65.0000	1.0000	0.0000	1365.0000	0.0000	0.0000	11.5345	59.0363	83.9920	0.0000	0.0000	0.0000	0.0000	589.1784	0.0000	295.0000
0.5912	0.0000	0.0000	1.0000	0.5912	65.0000	1.0000	0.0000	1365.0000	0.0000	0.0000	11.2965	59.2217	92.7372	0.0000	0.0000	0.0000	0.0000	591.1824	0.0000	296.0000
0.5932	0.0000	0.0000	1.0000	0.5932	65.0000	1.0000	0.0000	1365.0000	0.0000	0.0000	11.2352	59.4092	93.7324	0.0000	0.0000	0.0000	0.0000	593.1864	0.0000	297.0000
0.5952	0.0000	0.0000	1.0000	0.5952	65.0000	1.0000	0.0000	1365.0000	0.0000	0.0000	11.3825	59.6074	99.1088	0.0000	0.0000	0.0000	0.0000	595.1904	0.0000	298.0000
0.5972	0.0000	0.0000	1.0000	0.5972	65.0000	1.0000	0.0000	1365.0000	0.0000	0.0000	11.9327	59.8259	109.2629	0.0000	0.0000	0.0000	0.0000	597.1944	0.0000	299.0000
0.5992	0.0000	0.0000	1.0000	0.5992	65.0000	1.0000	0.0000	1365.0000	0.0000	0.0000	12.1767	60.0208	97.4083	0.0000	0.0000	0.0000	0.0000	599.1984	0.0000	300.0000
0.6012	0.0000	0.0000	1.0000	0.6012	65.0000	1.0000	0.0000	1365.0000	0.0000	0.0000	12.7110	60.2277	103.4555	0.0000	0.0000	0.0000	0.0000	601.2024	0.0000	301.0000
0.6032	0.0000	0.0000	1.0000	0.6032	65.0000	1.0000	0.0000	1365.0000	0.0000	0.0000	12.2465	60.4408	106.5476	0.0000	0.0000	0.0000	0.0000	603.2064	0.0000	302.0000
0.6052	0.0000	0.0000	1.0000	0.6052	65.0000	1.0000	0.0000	1365.0000	0.0000	0.0000	12.9803	60.6559	107.5643	0.0000	0.0000	0.0000	0.0000	605.2104	0.0000	303.0000
0.6072	0.0000	0.0000	1.0000	0.6072	65.0000	1.0000	0.0000	1365.0000	0.0000	0.0000	12.1674	60.8677	105.9263	0.0000	0.0000	0.0000	0.0000	607.2144	0.0000	304.0000
0.6092	0.0000	0.0000	1.0000	0.6092	65.0000	1.0000	0.0000	1365.0000	0.0000	0.0000	13.1200	61.0678	100.0084	0.0000	0.0000	0.0000	0.0000	609.2184	0.0000	305.0000
0.6112	0.0000	0.0000	1.0000	0.6112	65.0000	1.0000	0.0000	1365.0000	0.0000	0.0000	13.6428	61.2596	95.9000	0.0000	0.0000	0.0000	0.0000	611.2224	0.0000	306.0000
0.6132	0.0000	0.0000	1.0000	0.6132	65.0000	1.0000	0.0000	1365.0000	0.0000	0.0000	13.3983	61.4757	108.0821	0.0000	0.0000	0.0000	0.0000	613.2265	0.0000	307.0000
0.6152	0.0000	0.0000	1.0000	0.6152	65.0000	1.0000	0.0000	1365.0000	0.0000	0.0000	12.8813	61.6840	104.1400	0.0000	0.0000	0.0000	0.0000	615.2305	0.0000	308.0000
0.6172	0.0000	0.0000	1.0000	0.6172	65.0000	1.0000	0.0000	1365.0000	0.0000	0.0000	13.9014	61.9167	116.3394	0.0000	0.0000	0.0000	0.0000	617.2345	0.0000	309.0000
0.6192	0.0000	0.0000	1.0000	0.6192	65.0000	1.0000	0.0000	1365.0000	0.0000	0.0000	14.3931	62.1479	115.6047	0.0000	0.0000	0.0000	0.0000	619.2385	0.0000	310.0000
0.6212	0.0000	0.0000	1.0000	0.6212	65.0000	1.0000	0.0000	1365.0000	0.0000	0.0000	13.4108	62.3674	109.7429	0.0000	0.0000	0.0000	0.0000	621.2425	0.0000	311.0000
0.6232	0.0000	0.0000	1.0000	0.6232	65.0000	1.0000	0.0000	1365.0000	0.0000	0.0000	13.8296	62.5957	114.1865	0.0000	0.0000	0.0000	0.0000	623.2465	0.0000	312.0000
0.6253	0.0000	0.0000	1.0000	0.6253	65.0000	1.0000	0.0000	1365.0000	0.0000	0.0000	13.8983	62.8237	113.9765	0.0000	0.0000	0.0000	0.0000	625.2505	0.0000	313.0000
0.6273	0.0000	0.0000	1.0000	0.6273	65.0000	1.0000	0.0000	1365.0000	0.0000	0.0000	14.1587	63.0583	117.3202	0.0000	0.0000	0.0000	0.0000	627.2545	0.0000	314.0000
0.6293	0.0000	0.0000	1.0000	0.6293	65.0000	1.0000	0.0000	1365.0000	0.0000	0.0000	14.0178	63.2873	114.4733	0.0000	0.0000	0.0000	0.0000	629.2585	0.0000	315.0000
0.6313	0.0000	0.0000	1.0000	0.6313	65.0000	1.0000	0.0000	1365.0000	0.0000	0.0000	14.2116	63.5136	113.1380	0.0000	0.0000	0.0000	0.0000	631.2625	0.0000	316.0000
0.6333	0.0000	0.0000	1.0000	0.6333	65.0000	1.0000	0.0000	1365.0000	0.0000	0.0000	13.3658	63.7545	120.4908	0.0000	0.0000	0.0000	0.0000	633.2665	0.0000	317.0000
0.6353	0.0000	0.0000	1.0000	0.6353	65.0000	1.0000	0.0000	1365.0000	0.0000	0.0000	14.0752	63.9959	120.6841	0.0000	0.0000	0.0000	0.0000	635.2705	0.0000	318.0000
0.6373	0.0000	0.0000	1.0000	0.6373	65.0000	1.0000	0.0000	1365.0000	0.0000	0.0000	12.6573	64.2261	115.0965	0.0000	0.0000	0.0000	0.0000	637.2745	0.0000	319.0000
0.6393	0.0000	0.0000	1.0000	0.6393	65.0000	1.0000	0.0000	1365.0000	0.0000	0.0000	12.0319	64.4729	123.3861	0.0000	0.0000	0.0000	0.0000	639.2786	0.0000	320.0000
0.6413	0.0000	0.0000	1.0000	0.6413	65.0000	1.0000	0.0000	1365.0000	0.0000	0.0000	13.0197	64.7280	127.5621	0.0000	0.0000	0.0000	0.0000	641.2826	0.0000	321.0000
0.6433	0.0000	0.0000	1.0000	0.6433	65.0000	1.0000	0.0000	1365.0000	0.0000	0.0000	12.9734	64.9768	124.4150	0.0000	0.0000	0.0000	0.0000	643.2866	0.0000	322.0000
0.6453	0.0000	0.0000	1.0000	0.6453	65.0000	1.0000	0.0000	1365.0000	0.0000	0.0000	12.6080	65.2138	118.4710	0.0000	0.0000	0.0000	0.0000	645.2906	0.0000	323.0000
0.6473	0.0000	0.0000	1.0000	0.6473	65.0000	1.0000	0.0000	1365.0000	0.0000	0.0000	12.7506	65.4456	115.9161	0.0000	0.0000	0.0000	0.0000	647.2946	0.0000	324.0000
0.6493	0.0000	0.0000	1.0000	0.6493	65.0000	1.0000	0.0000	1365.0000	0.0000	0.0000	11.7322	65.6903	122.3619	0.0000	0.0000	0.0000	0.0000	649.2986	0.0000	325.0000
0.6513	0.0000	0.0000	1.0000	0.6513	65.0000	1.0000	0.0000	1365.0000	0.0000	0.0000	12.5401	65.9271	118.3908	0.0000	0.0000	0.0000	0.0000	651.3026	0.0000	326.0000
0.6533	0.0000	0.0000	1.0000	0.6533	65.0000	1.0000	0.0000	1365.0000	0.0000	0.0000	11.9309	66.1472	110.0409	0.0000	0.0000	0.0000	0.0000	653.3066	0.0000	327.0000
0.6553	0.0000	0.0000	1.0000	0.6553	65.0000	1.0000	0.0000	1365.0000	0.0000	0.0000	11.1946	66.3934	123.0795	0.0000	0.0000	0.0000	0.0000	655.3106	0.0000	328.0000
0.6573	0.0000	0.0000	1.0000	0.6573	65.0000	1.0000	0.0000	1365.0000	0.0000	0.0000	10.8354	66.6358	121.2286	0.0000	0.0000	0.0000	0.0000	657.3146	0.0000	329.0000
0.6593	0.0000	0.0000	1.0000	0.6593	65.0000	1.0000	0.0000	1365.0000	0.0000	0.0000	10.5564	66.8874	125.7845	0.0000	0.0000	0.0000	0.0000	659.3186	0.0000	330.0000
0.6613	0.0000	0.0000	1.0000	0.6613	65.0000	1.0000	0.0000	1365.0000	0.0000	0.0000	9.7800	67.1308	121.7269	0.0000	0.0000	0.0000	0.0000	661.3226	0.0000	331.0000
0.6633	0.0000	0.0000	1.0000	0.6633	65.0000	1.0000	0.0000	1365.0000	0.0000	0.0000	11.2730	67.3636	116.3619	0.0000	0.0000	0.0000	0.0000	663.3267	0.0000	332.0000
0.6653	0.0000	0.0000	1.0000	0.6653	65.0000	1.0000	0.0000	1365.0000	0.0000	0.0000	11.3046	67.5963	116.3532	0.0000	0.0000	0.0000	0.0000	665.3307	0.0000	333.0000
0.6673	0.0000	0.0000	1.0000	0.6673	65.0000	1.0000	0.0000	1365.0000	0.0000	0.0000	10.3849	67.8248	114.2813	0.0000	0.0000	0.0000	0.0000	667.3347	0.0000	334.0000
0.6693	0.0000	0.0000	1.0000	0.6693	65.0000	1.0000	0.0000	1365.0000	0.0000	0.0000	10.7453	68.0522	113.7081	0.0000	0.0000	0.0000	0.0000	669.3387	0.0000	335.0000
0.6713	0.0000	0.0000	1.0000	0.6713	65.0000	1.0000	0.0000	1365.0000	0.0000	0.0000	9.7041	68.2819	114.8246	0.0000	0.0000	0.0000	0.0000	671.3427	0.0000	336.0000
0.6733	0.0000	0.0000	1.0000	0.6733	65.0000	1.0000	0.0000	1365.0000	0.0000	0.0000	10.1609	68.5188	118.4332	0.0000	0.0000	0.0000	0.0000	673.3467	0.0000	337.0000
0.6754	0.0000	0.0000	1.0000	0.6754	65.0000	1.0000	0.0000	1365.0000	0.0000	0.0000	9.8757	68.7498	115.5218	0.0000	0.0000	0.0000	0.0000	675.3507	0.0000	338.0000
0.6774	0.0000	0.0000	1.0000	0.6774	65.0000	1.0000	0.0000	1365.0000	0.0000	0.0000	9.5105	68.9859	118.0629	0.0000	0.0000	0.0000	0.0000	677.3547	0.0000	339.0000
0.6794	0.0000	0.0000	1.0000	0.6794	65.0000	1.0000	0.0000	1365.0000	0.0000	0.0000	9.6132	69.2019	107.9655	0.0000	0.0000	0.0000	0.0000	679.3587	0.0000	340.0000
0.6814	0.0000	0.0000	1.0000	0.6814	65.0000	1.0000	0.0000	1365.0000	0.0000	0.0000	10.1095	69.4441	121.1442	0.0000	0.0000	0.0000	0.0000	681.3627	0.0000	341.0000
0.6834	0.0000	0.0000	1.0000	0.6834	65.0000	1.0000	0.0000	1365.0000	0.0000	0.0000	11.4803	69.6563	106.0992	0.0000	0.0000	0.0000	0.0000	683.3667	0.0000	342.0000
0.6854	0.0000	0.0000	1.0000	0.6854	65.0000	1.0000	0.0000	1365.0000	0.0000	0.0000	10.9065	69.8695	106.5655	0.0000	0.0000	0.0000	0.0000	685.3707	0.0000	343.0000
0.6874	0.0000	0.0000	1.0000	0.6874	65.0000	1.0000	0.0000	1365.0000	0.0000	0.0000	10.5687	70.0882	109.3827	0.0000	0.0000	0.0000	0.0000	687.3747	0.0000	344.0000
0.6894	0.0000	0.0000	1.0000	0.6894	65.0000	1.0000	0.0000	1365.0000	0.0000	0.0000	11.2172	70.3129	112.3201	0.0000	0.0000	0.0000	0.0000	689.3788	0.0000	345.0000
0.6914	0.0000	0.0000	1.0000	0.6914	65.0000	1.0000	0.0000	1365.0000	0.0000	0.0000	10.6107	70.5270	107.0677	0.0000	0.0000	0.0000	0.0000	691.3828	0.0000	346.0000
0.6934	0.0000	0.0000	1.0000	0.6934	65.0000	1.0000	0.0000	1365.0000	0.0000	0.0000	10.9375	70.7351	104.0554	0.0000	0.0000	0.0000	0.0000	693.3868	0.0000	347.0000
0.6954	0.0000	0.0000	1.0000	0.6954	65.0000	1.0000	0.0000	1365.0000	0.0000	0.0000	12.4369	70.9476	106.2249	0.0000	0.0000	0.0000	0.0000	695.3908	0.0000	348.0000
0.6974	0.0000	0.0000	1.0000	0.6974	65.0000	1.0000	0.0000	1365.0000	0.0000	0.0000	11.8527	71.1627	107.5734	0.0000	0.0000	0.0000	0.0000	697.3948	0.0000	349.0000
0.6994	0.0000	0.0000	1.0000	0.6994	65.0000	1.0000	0.0000	1365.0000	0.0000	0.0000	12.4312	71.3622	99.7361	0.0000	0.0000	0.0000	0.0000	699.3988	0.0000	350.0000
0.7014	0.0000	0.0000	1.0000	0.7014	65.0000	1.0000	0.0000	1365.0000	0.0000	0.0000	12.4236	71.5653	101.5695	0.0000	0.0000	0.0000	0.0000	701.4028	0.0000	351.0000
0.7034	0.0000	0.0000	1.0000	0.7034	65.0000	1.0000	0.0000	1365.0000	0.0000	0.0000	12.5995	71.7681	101.3879	0.0000	0.0000	0.0000	0.0000	703.4068	0.0000	352.0000
0.7054	0.0000	0.0000	1.0000	0.7054	65.0000	1.0000	0.0000	1365.0000	0.0000	0.0000	13.3187	71.9699	100.8773	0.0000	0.0000	0.0000	0.0000	705.4108	0.0000	353.0000
0.7074	0.0000	0.0000	1.0000	0.7074	65.0000	1.0000	0.0000	1365.0000	0.0000	0.0000	13.2163	72.1599	95.0340	0.0000	0.0000	0.0000	0.0000	707.4148	0.0000	354.0000
0.7094	0.0000	0.0000	1.0000	0.7094	65.0000	1.0000	0.0000	1365.0000	0.0000	0.0000	13.2829	72.3483	94.1626	0.0000	0.0000	0.0000	0.0000	709.4188	0.0000	355.0000
0.7114	0.0000	0.0000	1.0000	0.7114	65.0000	1.0000	0.0000	1365.0000	0.0000	0.0000	12.2258	72.5487	100.2421	0.0000	0.0000	0.0000	0.0000	711.4228	0.0000	356.0000
0.7134	0.0000	0.0000	1.0000	0.7134	65.0000	1.0000	0.0000	1365.0000	0.0000	0.0000	13.6303	72.7203	85.7676	0.0000	0.0000	0.0000	0.0000	713.4269	0.0000	357.0000
0.7154	0.0000	0.0000	1.0000	0.7154	65.0000	1.0000	0.0000	1365.0000	0.0000	0.0000	14.0757	72.8841	81.9000	0.0000	0.0000	0.0000	0.0000	715.4309	0.0000	358.0000
0.7174	0.0000	0.0000	1.0000	0.7174	65.0000	1.0000	0.0000	1365.0000	0.0000	0.0000	14.9808	73.0736	94.7694	0.0000	0.0000	0.0000	0.0000	717.4349	0.0000	359.0000
0.7194	0.0000	0.0000	1.0000	0.7194	65.0000	1.0000	0.0000	1365.0000	0.0000	0.0000	13.6130	73.2562	91.2877	0.0000	0.0000	0.0000	0.0000	719.4389	0.0000	360.0000
0.7214	0.0000	0.0000	1.0000	0.7214	65.0000	1.0000	0.0000	1365.0000	0.0000	0.0000	13.8760	73.4412	92.5093	0.0000	0.0000	0.0000	0.0000	721.4429	0.0000	361.0000
0.7234	0.0000	0.0000	1.0000	0.7234	65.0000	1.0000	0.0000	1365.0000	0.0000	0.0000	13.9708	73.6098	84.2742	0.0000	0.0000	0.0000	0.0000	723.4469	0.0000	362.0000
0.7255	0.0000	0.0000	1.0000	0.7255	65.0000	1.0000	0.0000	1365.0000	0.0000	0.0000	13.5302	73.7768	83.5160	0.0000	0.0000	0.0000	0.0000	725.4509	0.0000	363.0000
0.7275	0.0000	0.0000	1.0000	0.7275	65.0000	1.0000	0.0000	1365.0000	0.0000	0.0000	13.7604	73.9531	88.1517	0.0000	0.0000	0.0000	0.0000	727.4549	0.0000	364.0000
0.7295	0.0000	0.0000	1.0000	0.7295	65.0000	1.0000	0.0000	1365.0000	0.0000	0.0000	13.5622	74.1269	86.9120	0.0000	0.0000	0.0000	0.0000	729.4589	0.0000	365.0000
0.7315	0.0000	0.0000	1.0000	0.7315	65.0000	1.0000	0.0000	1365.0000	0.0000	0.0000	13.9923	74.2874	80.2391	0.0000	0.0000	0.0000	0.0000	731.4629	0.0000	366.0000
0.7335	0.0000	0.0000	1.0000	0.7335	65.0000	1.0000	0.0000	1365.0000	0.0000	0.0000	13.4477	74.4280	70.3271	0.0000	0.0000	0.0000	0.0000	733.4669	0.0000	367.0000
0.7355	0.0000	0.0000	1.0000	0.7355	65.0000	1.0000	0.0000	1365.0000	0.0000	0.0000	12.6422	74.5929	82.4314	0.0000	0.0000	0.0000	0.0000	735.4709	0.0000	368.0000
0.7375	0.0000	0.0000	1.0000	0.7375	65.0000	1.0000	0.0000	1365.0000	0.0000	0.0000	13.9651	74.7371	72.0861	0.0000	0.0000	0.0000	0.0000	737.4749	0.0000	369.0000
0.7395	0.0000	0.0000	1.0000	0.7395	65.0000	1.0000	0.0000	1365.0000	0.0000	0.0000	13.4400	74.8956	79.2387	0.0000	0.0000	0.0000	0.0000	739.4790	0.0000	370.0000
0.7415	0.0000	0.0000	1.0000	0.7415	65.0000	1.0000	0.0000	1365.0000	0.0000	0.0000	13.0527	75.0790	91.7070	0.0000	0.0000	0.0000	0.0000	741.4830	0.0000	371.0000
0.7435	0.0000	0.0000	1.0000	0.7435	65.0000	1.0000	0.0000	1365.0000	0.0000	0.0000	13.0885	75.2451	83.0839	0.0000	0.0000	0.0000	0.0000	743.4870	0.0000	372.0000
0.7455	0.0000	0.0000	1.0000	0.7455	65.0000	1.0000	0.0000	1365.0000	0.0000	0.0000	12.0172	75.4124	83.6031	0.0000	0.0000	0.0000	0.0000	745.4910	0.0000	373.0000
0.7475	0.0000	0.0000	1.0000	0.7475	65.0000	1.0000	0.0000	1365.0000	0.0000	0.0000	12.4672	75.5742	80.9329	0.0000	0.0000	0.0000	0.0000	747.4950	0.0000	374.0000
0.7495	0.0000	0.0000	1.0000	0.7495	65.0000	1.0000	0.0000	1365.0000	0.0000	0.0000	12.0402	75.7485	87.1633	0.0000	0.0000	0.0000	0.0000	749.4990	0.0000	375.0000
0.7515	0.0000	0.0000	1.0000	0.7515	65.0000	1.0000	0.0000	1365.0000	0.0000	0.0000	12.1281	75.8903	70.8591	0.0000	0.0000	0.0000	0.0000	751.5030	0.0000	376.0000
0.7535	0.0000	0.0000	1.0000	0.7535	65.0000	1.0000	0.0000	1365.0000	0.0000	0.0000	11.0341	76.0370	73.3462	0.0000	0.0000	0.0000	0.0000	753.5070	0.0000	377.0000
0.7555	0.0000	0.0000	1.0000	0.7555	65.0000	1.0000	0.0000	1365.0000	0.0000	0.0000	10.1239	76.2028	82.9180	0.0000	0.0000	0.0000	0.0000	755.5110	0.0000	378.0000
0.7575	0.0000	0.0000	1.0000	0.7575	65.0000	1.0000	0.0000	1365.0000	0.0000	0.0000	11.3697	76.3362	66.6920	0.0000	0.0000	0.0000	0.0000	757.5150	0.0000	379.0000
0.7595	0.0000	0.0000	1.0000	0.7595	65.0000	1.0000	0.0000	1365.0000	0.0000	0.0000	10.7253	76.4899	76.8586	0.0000	0.0000	0.0000	0.0000	759.5190	0.0000	380.0000
0.7615	0.0000	0.0000	1.0000	0.7615	65.0000	1.0000	0.0000	1365.0000	0.0000	0.0000	10.8991	76.6399	74.9832	0.0000	0.0000	0.0000	0.0000	761.5230	0.0000	381.0000
0.7635	0.0000	0.0000	1.0000	0.7635	65.0000	1.0000	0.0000	1365.0000	0.0000	0.0000	9.9280	76.7968	78.4885	0.0000	0.0000	0.0000	0.0000	763.5271	0.0000	382.0000
0.7655	0.0000	0.0000	1.0000	0.7655	65.0000	1.0000	0.0000	1365.0000	0.0000	0.0000	10.0994	76.9678	85.5019	0.0000	0.0000	0.0000	0.0000	765.5311	0.0000	383.0000
0.7675	0.0000	0.0000	1.0000	0.7675	65.0000	1.0000	0.0000	1365.0000	0.0000	0.0000	9.1265	77.1399	86.0124	0.0000	0.0000	0.0000	0.0000	767.5351	0.0000	384.0000
0.7695	0.0000	0.0000	1.0000	0.7695	65.0000	1.0000	0.0000	1365.0000	0.0000	0.0000	10.5758	77.3102	85.1773	0.0000	0.0000	0.0000	0.0000	769.5391	0.0000	385.0000
0.7715	0.0000	0.0000	1.0000	0.7715	65.0000	1.0000	0.0000	1365.0000	0.0000	0.0000	10.0605	77.4804	85.0736	0.0000	0.0000	0.0000	0.0000	771.5431	0.0000	386.0000
0.7735	0.0000	0.0000	1.0000	0.7735	65.0000	1.0000	0.0000	1365.0000	0.0000	0.0000	10.2168	77.6475	83.5499	0.0000	0.0000	0.0000	0.0000	773.5471	0.0000	387.0000
0.7756	0.0000	0.0000	1.0000	0.7756	65.0000	1.0000	0.0000	1365.0000	0.0000	0.0000	9.4551	77.8203	86.4011	0.0000	0.0000	0.0000	0.0000	775.5511	0.0000	388.0000
0.7776	0.0000	0.0000	1.0000	0.7776	65.0000	1.0000	0.0000	1365.0000	0.0000	0.0000	10.3752	78.0098	94.7707	0.0000	0.0000	0.0000	0.0000	777.5551	0.0000	389.0000
0.7796	0.0000	0.0000	1.0000	0.7796	65.0000	1.0000	0.0000	1365.0000	0.0000	0.0000	9.8087	78.1943	92.2470	0.0000	0.0000	0.0000	0.0000	779.5591	0.0000	390.0000
0.7816	0.0000	0.0000	1.0000	0.7816	65.0000	1.0000	0.0000	1365.0000	0.0000	0.0000	9.2080	78.3631	84.3803	0.0000	0.0000	0.0000	0.0000	781.5631	0.0000	391.0000
0.7836	0.0000	0.0000	1.0000	0.7836	65.0000	1.0000	0.0000	1365.0000	0.0000	0.0000	10.2014	78.5510	93.9754	0.0000	0.0000	0.0000	0.0000	783.5671	0.0000	392.0000
0.7856	0.0000	0.0000	1.0000	0.7856	65.0000	1.0000	0.0000	1365.0000	0.0000	0.0000	11.4349	78.7278	88.4077	0.0000	0.0000	0.0000	0.0000	785.5711	0.0000	393.0000
0.7876	0.0000	0.0000	1.0000	0.7876	65.0000	1.0000	0.0000	1365.0000	0.0000	0.0000	10.6209	78.9018	87.0057	0.0000	0.0000	0.0000	0.0000	787.5752	0.0000	394.0000
0.7896	0.0000	0.0000	1.0000	0.7896	65.0000	1.0000	0.0000	1365.0000	0.0000	0.0000	10.1745	79.0893	93.7130	0.0000	0.0000	0.0000	0.0000	789.5792	0.0000	395.0000
0.7916	0.0000	0.0000	1.0000	0.7916	65.0000	1.0000	0.0000	1365.0000	0.0000	0.0000	10.9081	79.2839	97.3326	0.0000	0.0000	0.0000	0.0000	791.5832	0.0000	396.0000
0.7936	0.0000	0.0000	1.0000	0.7936	65.0000	1.0000	0.0000	1365.0000	0.0000	0.0000	11.3424	79.4667	91.3938	0.0000	0.0000	0.0000	0.0000	793.5872	0.0000	397.0000
0.7956	0.0000	0.0000	1.0000	0.7956	65.0000	1.0000	0.0000	1365.0000	0.0000	0.0000	10.6209	79.6408	87.0187	0.0000	0.0000	0.0000	0.0000	795.5912	0.0000	398.0000
0.7976	0.0000	0.0000	1.0000	0.7976	65.0000	1.0000	0.0000	1365.0000	0.0000	0.0000	11.3847	79.8418	100.5151	0.0000	0.0000	0.0000	0.0000	797.5952	0.0000	399.0000
0.7996	0.0000	0.0000	1.0000	0.7996	65.0000	1.0000	0.0000	1365.0000	0.0000	0.0000	11.2037	80.0283	93.2750	0.0000	0.0000	0.0000	0.0000	799.5992	0.0000	400.0000
0.8016	0.0000	0.0000	1.0000	0.8016	65.0000	1.0000	0.0000	1365.0000	0.0000	0.0000	13.3824	80.2284	100.0119	0.0000	0.0000	0.0000	0.0000	801.6032	0.0000	401.0000
0.8036	0.0000	0.0000	1.0000	0.8036	65.0000	1.0000	0.0000	1365.0000	0.0000	0.0000	12.3742	80.4148	93.1976	0.0000	0.0000	0.0000	0.0000	803.6072	0.0000	402.0000
0.8056	0.0000	0.0000	1.0000	0.8056	65.0000	1.0000	0.0000	1365.0000	0.0000	0.0000	12.1169	80.6260	105.6318	0.0000	0.0000	0.0000	0.0000	805.6112	0.0000	403.0000
0.8076	0.0000	0.0000	1.0000	0.8076	65.0000	1.0000	0.0000	1365.0000	0.0000	0.0000	12.7631	80.8214	97.7125	0.0000	0.0000	0.0000	0.0000	807.6152	0.0000	404.0000
0.8096	0.0000	0.0000	1.0000	0.8096	65.0000	1.0000	0.0000	1365.0000	0.0000	0.0000	12.5806	81.0333	105.9315	0.0000	0.0000	0.0000	0.0000	809.6192	0.0000	405.0000
0.8116	0.0000	0.0000	1.0000	0.8116	65.0000	1.0000	0.0000	1365.0000	0.0000	0.0000	13.6462	81.2513	109.0070	0.0000	0.0000	0.0000	0.0000	811.6232	0.0000	406.0000
0.8136	0.0000	0.0000	1.0000	0.8136	65.0000	1.0000	0.0000	1365.0000	0.0000	0.0000	13.2406	81.4598	104.2423	0.0000	0.0000	0.0000	0.0000	813.6273	0.0000	407.0000
0.8156	0.0000	0.0000	1.0000	0.8156	65.0000	1.0000	0.0000	1365.0000	0.0000	0.0000	13.6103	81.6712	105.7192	0.0000	0.0000	0.0000	0.0000	815.6313	0.0000	408.0000
0.8176	0.0000	0.0000	1.0000	0.8176	65.0000	1.0000	0.0000	1365.0000	0.0000	0.0000	13.8050	81.8790	103.8833	0.0000	0.0000	0.0000	0.0000	817.6353	0.0000	409.0000
0.8196	0.0000	0.0000	1.0000	0.8196	65.0000	1.0000	0.0000	1365.0000	0.0000	0.0000	14.5029	82.0906	105.7865	0.0000	0.0000	0.0000	0.0000	819.6393	0.0000	410.0000
0.8216	0.0000	0.0000	1.0000	0.8216	65.0000	1.0000	0.0000	1365.0000	0.0000	0.0000	14.2686	82.3119	110.6573	0.0000	0.0000	0.0000	0.0000	821.6433	0.0000	411.0000
0.8236	0.0000	0.0000	1.0000	0.8236	65.0000	1.0000	0.0000	1365.0000	0.0000	0.0000	14.1320	82.5332	110.6420	0.0000	0.0000	0.0000	0.0000	823.6473	0.0000	412.0000
0.8257	0.0000	0.0000	1.0000	0.8257	65.0000	1.0000	0.0000	1365.0000	0.0000	0.0000	13.9284	82.7486	107.7276	0.0000	0.0000	0.0000	0.0000	825.6513	0.0000	413.0000
0.8277	0.0000	0.0000	1.0000	0.8277	65.0000	1.0000	0.0000	1365.0000	0.0000	0.0000	14.6500	82.9812	116.2960	0.0000	0.0000	0.0000	0.0000	827.6553	0.0000	414.0000
0.8297	0.0000	0.0000	1.0000	0.8297	65.0000	1.0000	0.0000	1365.0000	0.0000	0.0000	13.9261	83.1948	106.7703	0.0000	0.0000	0.0000	0.0000	829.6593	0.0000	415.0000
0.8317	0.0000	0.0000	1.0000	0.8317	65.0000	1.0000	0.0000	1365.0000	0.0000	0.0000	14.6715	83.4278	116.5261	0.0000	0.0000	0.0000	0.0000	831.6633	0.0000	416.0000
0.8337	0.0000	0.0000	1.0000	0.8337	65.0000	1.0000	0.0000	1365.0000	0.0000	0.0000	13.6520	83.6705	121.3309	0.0000	0.0000	0.0000	0.0000	833.6673	0.0000	417.0000
0.8357	0.0000	0.0000	1.0000	0.8357	65.0000	1.0000	0.0000	1365.0000	0.0000	0.0000	14.5003	83.8955	112.4948	0.0000	0.0000	0.0000	0.0000	835.6713	0.0000	418.0000
0.8377	0.0000	0.0000	1.0000	0.8377	65.0000	1.0000	0.0000	1365.0000	0.0000	0.0000	13.3739	84.1223	113.4291	0.0000	0.0000	0.0000	0.0000	837.6754	0.0000	419.0000
0.8397	0.0000	0.0000	1.0000	0.8397	65.0000	1.0000	0.0000	1365.0000	0.0000	0.0000	12.4310	84.3722	124.9252	0.0000	0.0000	0.0000	0.0000	839.6794	0.0000	420.0000
0.8417	0.0000	0.0000	1.0000	0.8417	65.0000	1.0000	0.0000	1365.0000	0.0000	0.0000	13.5984	84.6183	123.0504	0.0000	0.0000	0.0000	0.0000	841.6834	0.0000	421.0000
0.8437	0.0000	0.0000	1.0000	0.8437	65.0000	1.0000	0.0000	1365.0000	0.0000	0.0000	13.0347	84.8645	123.0895	0.0000	0.0000	0.0000	0.0000	843.6874	0.0000	422.0000
0.8457	0.0000	0.0000	1.0000	0.8457	65.0000	1.0000	0.0000	1365.0000	0.0000	0.0000	12.5797	85.0993	117.4127	0.0000	0.0000	0.0000	0.0000	845.6914	0.0000	423.0000
0.8477	0.0000	0.0000	1.0000	0.8477	65.0000	1.0000	0.0000	1365.0000	0.0000	0.0000	12.6845	85.3458	123.2356	0.0000	0.0000	0.0000	0.0000	847.6954	0.0000	424.0000
0.8497	0.0000	0.0000	1.0000	0.8497	65.0000	1.0000	0.0000	1365.0000	0.0000	0.0000	11.7647	85.5798	117.0274	0.0000	0.0000	0.0000	0.0000	849.6994	0.0000	425.0000
0.8517	0.0000	0.0000	1.0000	0.8517	65.0000	1.0000	0.0000	1365.0000	0.0000	0.0000	11.7967	85.8041	112.1546	0.0000	0.0000	0.0000	0.0000	851.7034	0.0000	426.0000
0.8537	0.0000	0.0000	1.0000	0.8537	65.0000	1.0000	0.0000	1365.0000	0.0000	0.0000	11.3828	86.0688	132.3538	0.0000	0.0000	0.0000	0.0000	853.7074	0.0000	427.0000
0.8557	0.0000	0.0000	1.0000	0.8557	65.0000	1.0000	0.0000	1365.0000	0.0000	0.0000	11.7054	86.2919	111.5119	0.0000	0.0000	0.0000	0.0000	855.7114	0.0000	428.0000
0.8577	0.0000	0.0000	1.0000	0.8577	65.0000	1.0000	0.0000	1365.0000	0.0000	0.0000	11.3584	86.5323	120.2339	0.0000	0.0000	0.0000	0.0000	857.7154	0.0000	429.0000
0.8597	0.0000	0.0000	1.0000	0.8597	65.0000	1.0000	0.0000	1365.0000	0.0000	0.0000	10.5285	86.7713	119.4791	0.0000	0.0000	0.0000	0.0000	859.7194	0.0000	430.0000
0.8617	0.0000	0.0000	1.0000	0.8617	65.0000	1.0000	0.0000	1365.0000	0.0000	0.0000	10.9338	87.0074	118.0491	0.0000	0.0000	0.0000	0.0000	861.7234	0.0000	431.0000
0.8637	0.0000	0.0000	1.0000	0.8637	65.0000	1.0000	0.0000	1365.0000	0.0000	0.0000	10.5401	87.2565	124.5410	0.0000	0.0000	0.0000	0.0000	863.7275	0.0000	432.0000
0.8657	0.0000	0.0000	1.0000	0.8657	65.0000	1.0000	0.0000	1365.0000	0.0000	0.0000	11.1710	87.4899	116.7284	0.0000	0.0000	0.0000	0.0000	865.7315	0.0000	433.0000
0.8677	0.0000	0.0000	1.0000	0.8677	65.0000	1.0000	0.0000	1365.0000	0.0000	0.0000	9.6993	87.7455	127.7870	0.0000	0.0000	0.0000	0.0000	867.7355	0.0000	434.0000
0.8697	0.0000	0.0000	1.0000	0.8697	65.0000	1.0000	0.0000	1365.0000	0.0000	0.0000	9.6098	87.9860	120.2787	0.0000	0.0000	0.0000	0.0000	869.7395	0.0000	435.0000
0.8717	0.0000	0.0000	1.0000	0.8717	65.0000	1.0000	0.0000	1365.0000	0.0000	0.0000	10.3651	88.2345	124.2024	0.0000	0.0000	0.0000	0.0000	871.7435	0.0000	436.0000
0.8737	0.0000	0.0000	1.0000	0.8737	65.0000	1.0000	0.0000	1365.0000	0.0000	0.0000	9.6339	88.4586	112.0591	0.0000	0.0000	0.0000	0.0000	873.7475	0.0000	437.0000
0.8758	0.0000	0.0000	1.0000	0.8758	65.0000	1.0000	0.0000	1365.0000	0.0000	0.0000	10.3567	88.6850	113.2006	0.0000	0.0000	0.0000	0.0000	875.7515	0.0000	438.0000
0.8778	0.0000	0.0000	1.0000	0.8778	65.0000	1.0000	0.0000	1365.0000	0.0000	0.0000	9.9318	88.9104	112.7251	0.0000	0.0000	0.0000	0.0000	877.7555	0.0000	439.0000
0.8798	0.0000	0.0000	1.0000	0.8798	65.0000	1.0000	0.0000	1365.0000	0.0000	0.0000	8.9895	89.1329	111.2596	0.0000	0.0000	0.0000	0.0000	879.7595	0.0000	440.0000
0.8818	0.0000	0.0000	1.0000	0.8818	65.0000	1.0000	0.0000	1365.0000	0.0000	0.0000	9.8686	89.3601	113.5793	0.0000	0.0000	0.0000	0.0000	881.7635	0.0000	441.0000
0.8838	0.0000	0.0000	1.0000	0.8838	65.0000	1.0000	0.0000	1365.0000	0.0000	0.0000	10.6809	89.5709	105.3947	0.0000	0.0000	0.0000	0.0000	883.7675	0.0000	442.0000
0.8858	0.0000	0.0000	1.0000	0.8858	65.0000	1.0000	0.0000	1365.0000	0.0000	0.0000	10.2944	89.7940	111.5547	0.0000	0.0000	0.0000	0.0000	885.7715	0.0000	443.0000
0.8878	0.0000	0.0000	1.0000	0.8878	65.0000	1.0000	0.0000	1365.0000	0.0000	0.0000	11.2215	90.0012	103.6052	0.0000	0.0000	0.0000	0.0000	887.7756	0.0000	444.0000
0.8898	0.0000	0.0000	1.0000	0.8898	65.0000	1.0000	0.0000	1365.0000	0.0000	0.0000	10.8015	90.2144	106.5829	0.0000	0.0000	0.0000	0.0000	889.7796	0.0000	445.0000
0.8918	0.0000	0.0000	1.0000	0.8918	65.0000	1.0000	0.0000	1365.0000	0.0000	0.0000	11.2925	90.4246	105.1233	0.0000	0.0000	0.0000	0.0000	891.7836	0.0000	446.0000
0.8938	0.0000	0.0000	1.0000	0.8938	65.0000	1.0000	0.0000	1365.0000	0.0000	0.0000	11.0788	90.6472	111.2731	0.0000	0.0000	0.0000	0.0000	893.7876	0.0000	447.0000
0.8958	0.0000	0.0000	1.0000	0.8958	65.0000	1.0000	0.0000	1365.0000	0.0000	0.0000	11.1859	90.8637	108.2642	0.0000	0.0000	0.0000	0.0000	895.7916	0.0000	448.0000
0.8978	0.0000	0.0000	1.0000	0.8978	65.0000	1.0000	0.0000	1365.0000	0.0000	0.0000	10.9819	91.0609	98.6107	0.0000	0.0000	0.0000	0.0000	897.7956	0.0000	449.0000
0.8998	0.0000	0.0000	1.0000	0.8998	65.0000	1.0000	0.0000	1365.0000	0.0000	0.0000	11.8342	91.2532	96.1448	0.0000	0.0000	0.0000	0.0000	899.7996	0.0000	450.0000
0.9018	0.0000	0.0000	1.0000	0.9018	65.0000	1.0000	0.0000	1365.0000	0.0000	0.0000	12.0126	91.4417	94.2469	0.0000	0.0000	0.0000	0.0000	901.8036	0.0000	451.0000
0.9038	0.0000	0.0000	1.0000	0.9038	65.0000	1.0000	0.0000	1365.0000	0.0000	0.0000	13.1901	91.6376	97.9250	0.0000	0.0000	0.0000	0.0000	903.8076	0.0000	452.0000
0.9058	0.0000	0.0000	1.0000	0.9058	65.0000	1.0000	0.0000	1365.0000	0.0000	0.0000	12.3469	91.8307	96.5546	0.0000	0.0000	0.0000	0.0000	905.8116	0.0000	453.0000
0.9078	0.0000	0.0000	1.0000	0.9078	65.0000	1.0000	0.0000	1365.0000	0.0000	0.0000	14.2811	92.0273	98.3314	0.0000	0.0000	0.0000	0.0000	907.8156	0.0000	454.0000
0.9098	0.0000	0.0000	1.0000	0.9098	65.0000	1.0000	0.0000	1365.0000	0.0000	0.0000	12.8678	92.2108	91.7561	0.0000	0.0000	0.0000	0.0000	909.8196	0.0000	455.0000
0.9118	0.0000	0.0000	1.0000	0.9118	65.0000	1.0000	0.0000	1365.0000	0.0000	0.0000	13.2776	92.4041	96.6219	0.0000	0.0000	0.0000	0.0000	911.8236	0.0000	456.0000
0.9138	0.0000	0.0000	1.0000	0.9138	65.0000	1.0000	0.0000	1365.0000	0.0000	0.0000	13.4543	92.5944	95.1650	0.0000	0.0000	0.0000	0.0000	913.8277	0.0000	457.0000
0.9158	0.0000	0.0000	1.0000	0.9158	65.0000	1.0000	0.0000	1365.0000	0.0000	0.0000	14.4352	92.7844	94.9965	0.0000	0.0000	0.0000	0.0000	915.8317	0.0000	458.0000
0.9178	0.0000	0.0000	1.0000	0.9178	65.0000	1.0000	0.0000	1365.0000	0.0000	0.0000	13.9047	92.9705	93.0280	0.0000	0.0000	0.0000	0.0000	917.8357	0.0000	459.0000
0.9198	0.0000	0.0000	1.0000	0.9198	65.0000	1.0000	0.0000	1365.0000	0.0000	0.0000	14.3526	93.1590	94.2954	0.0000	0.0000	0.0000	0.0000	919.8397	0.0000	460.0000
0.9218	0.0000	0.0000	1.0000	0.9218	65.0000	1.0000	0.0000	1365.0000	0.0000	0.0000	14.0228	93.3373	89.1479	0.0000	0.0000	0.0000	0.0000	921.8437	0.0000	461.0000
0.9238	0.0000	0.0000	1.0000	0.9238	65.0000	1.0000	0.0000	1365.0000	0.0000	0.0000	14.1598	93.5288	95.7237	0.0000	0.0000	0.0000	0.0000	923.8477	0.0000	462.0000
0.9259	0.0000	0.0000	1.0000	0.9259	65.0000	1.0000	0.0000	1365.0000	0.0000	0.0000	13.4785	93.6857	78.4416	0.0000	0.0000	0.0000	0.0000	925.8517	0.0000	463.0000
0.9279	0.0000	0.0000	1.0000	0.9279	65.0000	1.0000	0.0000	1365.0000	0.0000	0.0000	14.3143	93.8660	90.1466	0.0000	0.0000	0.0000	0.0000	927.8557	0.0000	464.0000
0.9299	0.0000	0.0000	1.0000	0.9299	65.0000	1.0000	0.0000	1365.0000	0.0000	0.0000	13.7920	94.0323	83.1638	0.0000	0.0000	0.0000	0.0000	929.8597	0.0000	465.0000
0.9319	0.0000	0.0000	1.0000	0.9319	65.0000	1.0000	0.0000	1365.0000	0.0000	0.0000	13.8511	94.2066	87.1645	0.0000	0.0000	0.0000	0.0000	931.8637	0.0000	466.0000
0.9339	0.0000	0.0000	1.0000	0.9339	65.0000	1.0000	0.0000	1365.0000	0.0000	0.0000	13.5223	94.3772	85.2663	0.0000	0.0000	0.0000	0.0000	933.8677	0.0000	467.0000
0.9359	0.0000	0.0000	1.0000	0.9359	65.0000	1.0000	0.0000	1365.0000	0.0000	0.0000	14.1938	94.5464	84.6259	0.0000	0.0000	0.0000	0.0000	935.8717	0.0000	468.0000
0.9379	0.0000	0.0000	1.0000	0.9379	65.0000	1.0000	0.0000	1365.0000	0.0000	0.0000	13.4825	94.7079	80.7283	0.0000	0.0000	0.0000	0.0000	937.8758	0.0000	469.0000
0.9399	0.0000	0.0000	1.0000	0.9399	65.0000	1.0000	0.0000	1365.0000	0.0000	0.0000	13.0532	94.8765	84.3262	0.0000	0.0000	0.0000	0.0000	939.8798	0.0000	470.0000
0.9419	0.0000	0.0000	1.0000	0.9419	65.0000	1.0000	0.0000	1365.0000	0.0000	0.0000	12.8113	95.0271	75.2842	0.0000	0.0000	0.0000	0.0000	941.8838	0.0000	471.0000
0.9439	0.0000	0.0000	1.0000	0.9439	65.0000	1.0000	0.0000	1365.0000	0.0000	0.0000	12.8786	95.1951	84.0040	0.0000	0.0000	0.0000	0.0000	943.8878	0.0000	472.0000
0.9459	0.0000	0.0000	1.0000	0.9459	65.0000	1.0000	0.0000	1365.0000	0.0000	0.0000	12.1815	95.3548	79.8653	0.0000	0.0000	0.0000	0.0000	945.8918	0.0000	473.0000
0.9479	0.0000	0.0000	1.0000	0.9479	65.0000	1.0000	0.0000	1365.0000	0.0000	0.0000	12.0707	95.5088	77.0053	0.0000	0.0000	0.0000	0.0000	947.8958	0.0000	474.0000
0.9499	0.0000	0.0000	1.0000	0.9499	65.0000	1.0000	0.0000	1365.0000	0.0000	0.0000	11.5350	95.6732	82.2015	0.0000	0.0000	0.0000	0.0000	949.8998	0.0000	475.0000
0.9519	0.0000	0.0000	1.0000	0.9519	65.0000	1.0000	0.0000	1365.0000	0.0000	0.0000	11.5704	95.8518	89.2987	0.0000	0.0000	0.0000	0.0000	951.9038	0.0000	476.0000
0.9539	0.0000	0.0000	1.0000	0.9539	65.0000	1.0000	0.0000	1365.0000	0.0000	0.0000	10.9905	96.0149	81.5469	0.0000	0.0000	0.0000	0.0000	953.9078	0.0000	477.0000
0.9559	0.0000	0.0000	1.0000	0.9559	65.0000	1.0000	0.0000	1365.0000	0.0000	0.0000	11.7217	96.1645	74.7599	0.0000	0.0000	0.0000	0.0000	955.9118	0.0000	478.0000
0.9579	0.0000	0.0000	1.0000	0.9579	65.0000	1.0000	0.0000	1365.0000	0.0000	0.0000	10.9874	96.3182	76.8575	0.0000	0.0000	0.0000	0.0000	957.9158	0.0000	479.0000
0.9599	0.0000	0.0000	1.0000	0.9599	65.0000	1.0000	0.0000	1365.0000	0.0000	0.0000	10.5854	96.4662	74.0373	0.0000	0.0000	0.0000	0.0000	959.9198	0.0000	480.0000
0.9619	0.0000	0.0000	1.0000	0.9619	65.0000	1.0000	0.0000	1365.0000	0.0000	0.0000	11.2771	96.6282	80.9597	0.0000	0.0000	0.0000	0.0000	961.9238	0.0000	481.0000
0.9639	0.0000	0.0000	1.0000	0.9639	65.0000	1.0000	0.0000	1365.0000	0.0000	0.0000	11.5996	96.7893	80.5498	0.0000	0.0000	0.0000	0.0000	963.9279	0.0000	482.0000
0.9659	0.0000	0.0000	1.0000	0.9659	65.0000	1.0000	0.0000	1365.0000	0.0000	0.0000	10.2594	96.9552	82.9795	0.0000	0.0000	0.0000	0.0000	965.9319	0.0000	483.0000
0.9679	0.0000	0.0000	1.0000	0.9679	65.0000	1.0000	0.0000	1365.0000	0.0000	0.0000	11.2121	97.1174	81.0750	0.0000	0.0000	0.0000	0.0000	967.9359	0.0000	484.0000
0.9699	0.0000	0.0000	1.0000	0.9699	65.0000	1.0000	0.0000	1365.0000	0.0000	0.0000	9.4387	97.2822	82.3970	0.0000	0.0000	0.0000	0.0000	969.9399	0.0000	485.0000
0.9719	0.0000	0.0000	1.0000	0.9719	65.0000	1.0000	0.0000	1365.0000	0.0000	0.0000	9.7821	97.4545	86.1913	0.0000	0.0000	0.0000	0.0000	971.9439	0.0000	486.0000
0.9739	0.0000	0.0000	1.0000	0.9739	65.0000	1.0000	0.0000	1365.0000	0.0000	0.0000	10.0604	97.6351	90.2761	0.0000	0.0000	0.0000	0.0000	973.9479	0.0000	487.0000
0.9760	0.0000	0.0000	1.0000	0.9760	65.0000	1.0000	0.0000	1365.0000	0.0000	0.0000	9.7693	97.8095	87.1940	0.0000	0.0000	0.0000	0.0000	975.9519	0.0000	488.0000
0.9780	0.0000	0.0000	1.0000	0.9780	65.0000	1.0000	0.0000	1365.0000	0.0000	0.0000	9.3599	97.9792	84.8542	0.0000	0.0000	0.0000	0.0000	977.9559	0.0000	489.0000
0.9800	0.0000	0.0000	1.0000	0.9800	65.0000	1.0000	0.0000	1365.0000	0.0000	0.0000	9.6931	98.1510	85.8879	0.0000	0.0000	0.0000	0.0000	979.9599	0.0000	490.0000
0.9820	0.0000	0.0000	1.0000	0.9820	65.0000	1.0000	0.0000	1365.0000	0.0000	0.0000	10.5037	98.3310	90.0012	0.0000	0.0000	0.0000	0.0000	981.9639	0.0000	491.0000
0.9840	0.0000	0.0000	1.0000	0.9840	65.0000	1.0000	0.0000	1365.0000	0.0000	0.0000	10.2513	98.4953	82.1658	0.0000	0.0000	0.0000	0.0000	983.9679	0.0000	492.0000
0.9860	0.0000	0.0000	1.0000	0.9860	65.0000	1.0000	0.0000	1365.0000	0.0000	0.0000	10.9893	98.6763	90.5016	0.0000	0.0000	0.0000	0.0000	985.9719	0.0000	493.0000
0.9880	0.0000	0.0000	1.0000	0.9880	65.0000	1.0000	0.0000	1365.0000	0.0000	0.0000	10.6949	98.8674	95.5321	0.0000	0.0000	0.0000	0.0000	987.9760	0.0000	494.0000
0.9900	0.0000	0.0000	1.0000	0.9900	65.0000	1.0000	0.0000	1365.0000	0.0000	0.0000	9.8111	99.0591	95.8623	0.0000	0.0000	0.0000	0.0000	989.9800	0.0000	495.0000
0.9920	0.0000	0.0000	1.0000	0.9920	65.0000	1.0000	0.0000	1365.0000	0.0000	0.0000	10.9419	99.2628	101.8503	0.0000	0.0000	0.0000	0.0000	991.9840	0.0000	496.0000
0.9940	0.0000	0.0000	1.0000	0.9940	65.0000	1.0000	0.0000	1365.0000	0.0000	0.0000	11.4194	99.4334	85.2984	0.0000	0.0000	0.0000	0.0000	993.9880	0.0000	497.0000
0.9960	0.0000	0.0000	1.0000	0.9960	65.0000	1.0000	0.0000	1365.0000	0.0000	0.0000	11.1443	99.6422	104.3852	0.0000	0.0000	0.0000	0.0000	995.9920	0.0000	498.0000
0.9980	0.0000	0.0000	1.0000	0.9980	65.0000	1.0000	0.0000	1365.0000	0.0000	0.0000	12.0634	99.8300	93.9310	0.0000	0.0000	0.0000	0.0000	997.9960	0.0000	499.0000
1.0000	0.0000	0.0000	1.0000	1.0000	65.0000	1.0000	0.0000	1365.0000	0.0000	0.0000	11.3415	100.0347	102.3216	0.0000	0.0000	0.0000	0.0000	1000.0000	0.0000	500.0000
